1	0.98546	12	205	278	280	298	495	526	626	628	656	680	699	709	767	842	871	881	900	947	1069	1168	1176	1269	1271	1732	1885	1980	2012	2474	2629	2670	2687	2705	2818	3024	3083	3143	3216	3530	3682	3786	3893	3949	4293	4402	4429	4463	4881	4891	4915	4938	4942	4978	5073	5207	5444	5677	5700	5974	6329	6457	6643	6937	7092	7108	7399	7439	7625	7653	7709	7885	7889	8002	8033	8130	8238	8431	8469	8587	8813	9221	9314	9320	9338	9562	9600	9653	9766	9887	10064	10066	254	397	2437	9255
2	0.984943	28	70	87	94	320	375	607	945	956	1046	1065	1367	1413	1508	1509	1577	1670	1741	2091	2337	2355	2650	2845	2917	2972	3144	3152	3193	3228	3536	3690	3703	3797	4493	4789	4858	4874	4878	5045	5165	5271	5310	5391	5446	5598	5856	6022	6156	6236	6261	6292	6407	6588	6693	6887	6946	6999	7075	7158	7590	7743	7884	7944	8143	8168	8267	8378	8463	8497	8572	8916	8994	9069	9113	9198	9243	9521	9696	9737	9743	9795	9840	9849	9966	10408	10422	1638	2173	8062
3	0.986255	35	1778	2165	2697	2714	3406	3430	3574	3804	4172	6084	6230	7876	8851	9018	10049	4398	3510	5944	466	468	1000	1319	2470	2742	3091	3179	3900	3980	4283	4514	4683	5193	5225	5484	5794	5888	6953	7264	7661	8215	10184	10438	10369	1127
4	0.969496	99	650	5632	1385	10375
5	0.986595	137	289	373	634	734	1110	1535	1688	1978	2227	2319	2389	2557	3604	3853	3867	3895	4682	5955	6039	6355	6936	6971	7019	7621	7922	8008	8098	8271	8373	8636	8845	9433	9692	9825	4331	7103	7598	2078	3453	3498	3688	3698	4269	4310	4346	6056	6078	7500	7764	7785	9219	9633	9875	9964	10392	2268	3793	3636	1445	4182	8865
6	0.975624	199	10390	5656	8279	8919	2422	6663	8656	9213	10132	1600	8622	8811
7	0.9977598	274	2508	3409	3606	6595	665	1264	2109	2208	2472	2476	2696	2960	3397	4145	4263	4677	4853	4970	6297	6475	7267	8883	9426	9731	9767	9768	9793	2254	939	1131	2204	4306	5435	6851	9372	9486	9627	9739	4233	5148	4439	5257	2772	1692	8161	8385	9024	9370	3441	5187	10273	5164	6521
8	0.9783	284	687	4127	7690	1832	2720	8952	5366	1449	6562	7257	7428	3913	4654
9	0.975695	300	764	824	1987	2807	3178	3499	3509	3557	4469	4534	4696	4752	4776	4814	4864	5216	5373	5622	5979	6054	6101	6229	6237	6244	6273	6691	6963	7700	7848	8312	8381	8547	8560	8579	8643	8839	8901	9252	9345	9431	9436	9555	9564	9572	9755	10115	10240	10374	57	156	1360	1473	2046	2059	3195	4441	6689	8892	9225	9346	4587	2677	7742	5844
10	0.981277	360	1197	10114	1556	2095	4001	4411	4424	7301	8706	9487
11	0.9926513	716	1189	1612	1886	1961	2163	2419	2636	3034	3058	3076	3133	3739	3945	4064	4381	4388	4527	4750	4973	5061	5094	5599	6044	6966	7062	7174	7906	8034	8078	8126	8362	8485	8795	8980	9098	9493	9502	9810	10062	10407	916	2098	2570	3702	5570	7330	741	1769	5438	6032	6214	7467	2424	2955	4100	4101	4805	5572	7872	8187	7718	2024
12	0.967516	770	2126	4711	6133	7727	9188	9441	9607	8515	533	8173
13	0.989992	806	10463	1634	6517	4014	4743	3882	6760	9717	5433	202	3057	3819	4548	7162	7408	7525	8846	9622	4613	5004	5547	8854	9955	2006
14	0.972751	908	914	1887	2236	2436	2870	3237	3355	3741	3755	3903	5581	5584	6161	6581	7245	8296	8696	8719	8908	9911	10439	3541	3753	8905	1730	2369	4656	5237	9142
15	0.986614	944	1138	1219	1308	2008	2214	2658	2716	3079	3738	4063	4470	4949	5448	5664	5902	6481	6930	7201	7254	7645	8197	8261	9033	9048	9839	6064	909	1699	2329	2646	3490	3941	4116	4895	5065	6611	6865	7486	8234	8828	489	2969	3656	5751	7384	7450	9449	9863	4901	62	7705	8349	8038	2920	1031	4143
16	0.9988645	953	8829	4004	4189	8818	3132	13	3593	8285	1753	4333	7081	3862	5552	8508	9753	117	570	595	6115	8570	210	1838	531	1111	1701	1951	2414	3199	4085	4856	5019	5367	5781	6006	6234	7390	7619	7769	7956	8070	8229	8479	8694	9587	10221	4989	1700	152	655	762	1461	1738	2146	2540	4609	4674	4869	7334	9029	9530	4541	5279	8057	456	907	1907	4816	8410	3847	8217	3466	8843	9827	7351	9936	3009	819	6431	3843	10080	2217	9571	9779	8302	9910
17	0.967684	986	3997	4071	4180	4259	4491	4579	4583	6926	7636	8015	8224	9671	10301	4531	701	4526	6152	7186	8447	9681	3529	8055	6710	5698	3090
18	0.98398	1021	1180	3908	4290	4468	6778	7209	8847	674	949	1776	1825	2092	2188	3480	3627	4113	5521	6399	7277	7505	8856	9139	10426	65	1618	2621	6622	8069	8476	6233	1872	3278	9231	1408	2016	4329	7083	7925	2018	2712
19	0.987901	1153	1388	1442	4617	4911	5610	5653	6513	8097	10444	7133	763	1182	1409	2307	2609	2614	2618	2624	5553	5945	6007	6565	7233	7361	7522	8364	8623	9427	9546	10471
20	0.976671	1294	2727	6972	7234	7804	9935	10258	4921	112	462	8806	551	1208	1846	2177	3311	3357	3364	3922	4661	4741	4974	6104	6767	7376	7560	7829	8084	8537	8789	9153	9645	10358	1843	6678	7655	9369	9649
21	0.973823	1455	9749	1186	1788	5964	9479	9959	5903	6631	8305	10072	2908	3219	5848	3263	5078	8345	848
22	0.978618	1822	669	868	246	1059	1364	3449	9332
23	0.987542	2139	3686	7370	10073	4665	10451	1661	1910	2760	3281	4574	5326	9353	9610	8685
24	0.983775	3213	4363	8495	303	327	577	1417	1821	1933	3861	3896	6149	6458	8103	9528	6295
25	0.968321	3322	6875	9099	1551	1915	9061	2285
26	0.984136	3573	3248	4842	5189	507	3619	6602	6086	4009	714	3121	9996	10185	9160	1044	4036	8992
27	0.979918	4168	403	1234	1281	2273	3025	3331	4294	4841	4991	5118	5554	6147	7438	7657	7905	7930	8247	10365	700	7745	4370	4838	7238	7305	8310	9789	10431	6380	4981
28	0.980989	4532	10146	3170	2141	3991	5874	6498	7959	2597	832	1217	1343	2715	4231	7926	2400	4031	8616
29	0.9971454	4763	7741	9700	834	1173	2303	3687	5998	10206	484	2158	5151	3591	4562	9403	150	775	1093	2199	2984	3528	3544	3944	4044	4894	5764	5936	6138	7602	8465	9906	2971	9319	5551	8926	9533	10074	2846	3271	5812
30	0.971478	5872	7483	8445	839	8718	5548	7825	9249	9442	5594	6871	10417	1185	2232	3320	3777	5950	6468	6488	9591	10161	7241	827	8398
31	0.971472	7042	4882	7840	3290	4461	593	3885	6197	2000	2152	3037	6125	9401
32	0.972065	9644	2114	8631	8809	9429	9675	1785
33	0.980064	10063	1616	9040	9254	7171	8026	171	509	1734	2538	4289	5270	6164	1706	8273	8887	2005	4247	4645	8004	6093	6371	5897	8413	1376	3189	4047	5222	160	2287	3622	7570	8172
34	0.9940568	0	189	203	220	314	426	428	449	726	895	910	1070	1291	1754	2067	2306	2350	2379	2552	2652	2828	2850	2930	3012	3350	3358	3400	3458	3477	3571	3856	3988	4089	4122	4502	4713	5160	5186	5494	5528	5541	5546	5637	6160	6223	6294	6384	6576	6589	6658	6675	6715	7008	7312	7442	7534	7545	7593	7689	7693	7784	7911	8166	8235	8513	8562	8746	8750	8884	8886	8904	8935	8991	9093	9199	9405	9824	10041	10139	10158	10222	2384	5263	6496	8042	2296	388	1435	3623	887	4242	6102	7581	3288
35	0.9920523	18	267	1716	2588	2941	3240	5390	5421	6053	6258	6289	6352	6401	6518	6559	6827	6857	6915	7339	7536	7631	7667	8313	8824	8963	8979	9337	10046	10303	883	954	1299	2942	4712	4995	5384	5934	6568	6976	7538	7694	9223	10051	2397	1644	654	1452	9306	89	980	133	1563	4785	8408	3808	5461	10419	6442	8276	4208
36	0.9910908	79	874	2469	5262	6674	9842	69	286	366	2790	2929	3124	5948	7140	9328	4252	7401
37	0.9982214	83	412	2324	3056	3319	3761	4027	4123	4197	5267	6446	7228	7473	7900	9041	9296	9611	9762	9985	5238	7289	2222	921	1350	1751	2598	3116	4268	7029	7668	8156	8592	8653	9135	9230	9385	10364	436	3297	5573	6515	4560	2706	2887	3888	9740	1500	1673	2248	2277	2977	4016	4483	5960	6307	6935	7951	9270	9481	10068	10357	173	420	3370	3715	4082	4621	4706	5965	5995	6430	6685	7168	7175	7502	8593	8771	9378	2562	3177	611	9529	4274	4454	3899
38	0.9928924	125	743	1113	1309	1875	2035	2090	2148	2151	3018	3055	3080	3104	3442	3607	3684	4060	4199	4321	4600	4770	5952	6346	7007	7212	7240	7341	7698	7768	7860	7943	7976	8227	8240	8557	8686	9028	9057	10123	10191	4936	6706	1379	9357	20	3553	3563	3844	5043	5075	10460	130	7465	10289	5681	231	2604	3043	5628	6432	2206	5428	7272	8578	8581	8724	1032	6908	8282	518	10223	3044	8827	3192	6341	10239
39	0.98823	128	988	1042	1320	1827	2063	3909	4075	4337	4811	6162	6290	6714	7371	7411	7490	7613	7662	7891	7929	8185	8212	8565	8678	8834	9722	9833	10366	1177	4739	7180	7018	6909	905	7603	3157	5107	5976	5410	265	6705	6786	6377	6634	2689
40	0.981045	184	713	1144	1188	1879	2559	2611	3260	3465	3689	4678	4791	5378	5451	5636	6151	6590	6721	6740	6950	6962	7319	7381	7498	8031	8048	8118	8612	9082	9274	9289	9844	10018	187	1008	1126	3976	6052	7030	7335	9190	9940	647	10232	2498
41	0.976814	273	1771	4517	6119	7224	7589	8023	3996	2803	1048	5049	5564	8767	4563	2385	7430	5845	5687	2847	9284	5420	8699
42	0.978877	474	1103	1503	546	1075	2515	3323	2403	3950	9500
43	0.988138	485	1156	1780	2216	2662	3005	3727	4725	5325	5994	6385	7940	8539	8741	9438	4616	1565	2731	2976	3096	4636	6718	9410	4316	10084	1080	1373	3830	8633	2218	6092	7282	1314	3579	5299	2327	1570	4099	6832
44	0.985236	602	1959	2566	3092	3108	3455	4308	5478	5620	6333	7852	7954	8599	8808	9490	9503	2200	7292	9158	4588
45	0.998042	632	785	1246	1603	1783	1791	1904	1963	2168	2198	2235	2305	2443	2622	2733	3016	3038	3045	3156	3217	3242	3321	3353	3403	3584	3634	3697	3717	4070	4153	4264	4385	4393	4437	4545	4655	4967	5042	5805	5941	6182	6345	6572	6815	6903	7134	7143	7682	7758	7765	7886	7888	8178	8297	8391	8427	8532	8679	8697	8765	9056	9175	9488	9501	9680	9701	9822	9830	9872	9908	6633	6853	9362	10159	3097	3735	2704	5846	6216	6472	637	3492	4589	5358	7455	9011	10015	5644	7512
46	0.98777	804	1943	4012	4126	6171	9106	9400	9688	3	377	1686	2070	2645	3276	4634	4653	6062	8505	477	5771	6895	8165	7917	5337	2084	7144	7255	7481	4125	1290	2735
47	0.98961	805	2342	4077	2659	4399	9177	1472	7129	8140	620	3068	3102	3822	3920	5282	8662
48	0.9903867	911	2702	7367	7832	8370	9032	10298	2640	4485	5654	5737	6924	7937	8428	8670	9208	9962	10107	5346	8716	10216	1396	2261	2325	2338	8076	6217
49	0.9929843	920	10247	946	4913	7555	1649	3251	4177	4339	4359	5999	10285	8555	828	3701	5962	8376	10076	2356	1243	4076	5113
50	0.987367	951	1475	4249	4513	4721	4751	5168	5858	5865	6095	6727	7069	7552	7912	7997	8191	8850	9656	4150	6364	7049	7338	9148	2003	5397	1725	2916	3287	1233	2808	3277	7520	234	358	10033	3269	4909	7836	7189	567	8375	1001
51	0.989576	1286	2465	3736	5562	6807	10228	186	1623	1654	1816	5402	6397	8177	8400	8482	9193	9569	9665	9848	6187	2210	2370	3375	3919	5835	8830
52	0.9926187	1313	1973	2154	2376	3014	3064	3390	3444	3883	3887	3984	4622	5659	5759	5783	5861	6392	6567	6720	6806	7468	7470	8687	9004	9079	9435	9727	10009	10336	6503	5423	442	1039	1878	2555	4133	5306	5860	8252	8435	4511	8163	8223	2404	1537	10238	715	6541	8755
53	0.9971044	1853	4118	4202	228	1344	1866	1867	4073	4754	4928	5951	7615	8474	8510	9316	9464	6081	7385	2044	782	3445	5719	7506	7991	9874	10441	3578	7908	8588	572	3255	5087	6231	8881	6822	7725	1220	4510	7136	1348	1402	9919	5947	2945
54	0.982553	3912	6961	3425	5135	6173	7923	9615	10372
55	0.989724	5871	2393	4722	5571	7	1090	1758	2452	4605	7352	8099	8135	7105
56	0.982742	6249	6342	2979	4916	1104	4222	5695	5600	4569	8194
57	0.967117	6374	4482	45	4797	5251	6569	10338
58	0.9974832	6671	849	893	6526	3475	3597	3708	7298	8778	1454	1549	6529	9476	10316	1817
59	0.982141	7163	8162	1306	7535	9631	9646	9989	5913	4296	6522	5231	7493	9315	8635	5967	7423	4962
60	0.9928043	7819	9195	1615	2039	2291	2907	3446	4681	9473	9720	3507	6350	4900	644	1029	1422	2547	2750	3478	4015	9318	9802	2953	6749
61	0.97872	1	718	1261	1399	2162	2341	2390	3264	3419	3641	4000	4303	5612	5924	7314	8879	9238	9265	10000	10245
62	0.99074	285	746	1114	2233	4198	5615	7857	8164	9017	9299	9422	9945	10110	10151	10367	10383	497	1074	1326	1480	1824	2032	2701	2817	3558	4630	5380	6036	7048	7458	7896	7977	8628	9719	9744	10101	10283	6422	212	720	4088
63	0.981105	339	1873	6492	10293	142	1145	1444	2776	2928	3659	5209	6312	7543	9613	10272	2288	4074	9414	7883	5338	3285	1990	2858	6304	6755	3395	9031	591	3245	4023	4355
64	0.988791	527	2357	2524	2737	2995	3299	3928	3964	4084	4590	4990	5170	6332	6737	6791	8190	8289	8293	9393	10204	6746	3834	4475
65	0.97845	852	4192	9621	3742	6089	9228
66	0.966386	1165	68	2131	2762	5246	6011	6474	7284	8437	10310	6020	7270	8225	5909	10243	1154	4905	8404	3796	248	1400	1628	2656	3253	8085	9025	9860	10163	10254	9406
67	0.968238	1970	2482	4055	10360	344	969	2545	3234	6106
68	0.972982	2426	9388	8529	10133	1820	3851	7097	6787	8553	5142
69	0.968444	2684	4205	7681	9612	7472	9026	9777	21	348	4384	8202	4404	2748	6494
70	0.977258	2791	4170	3420	9576	10168	6977	8794	1679	8152	4193	4240
71	0.9969182	3468	2903	4422	4673	8912	9806	5394	447	1982	2805	4039	5340	6805	7903	8655	47	503	524	536	1459	1613	1723	1809	2065	2107	2226	2536	2730	3335	3511	3695	4535	4898	5000	5040	5115	5128	5414	5529	5921	6033	7113	8248	8326	9144	9173	9287	10020	10125	101	5739	6683	6748	8527	5382	6657	405	432	4880	5456	7817	6732	1420	3129	8695	4395	5989	7714	10394	3122	2406	8936
72	0.980326	3556	8641	1132	2495	3601	3979	4332	6109	7099	8147	2873	9578	6320	9166	1225	4343	557	3549	5457	5530	6094	7022	7225	8339	283	4703	6697	6920	7160	3674	2418	10263
73	0.989465	4740	8928	2973	3380	3940	5701	6002	6367	6854	7987	8203	10108	733	7632	5688	3523	8258	7199	8207	2804	4442	4778	6548	7599	114	244	3616	4140	4501	9123	396	833	1405	1610	1630	2572	3599	6423	7059	7152	9537	9716	10012
74	0.989228	6070	6425	6644	630	950	1540	4559	5963	5996	6486	8012	8278	9723	10395	5059	6207	9352	4434	7823	7910	9661	9796	9927	2698	3118	7594	7601	2518	10038	306	369	727	1068	1184	1495	1705	2136	2336	2483	2641	2729	2779	4102	6316	8406	8652	8866	9244	9885	113	6700	8101	9073	8429	8751	4572	8121	1089	2496	9470	9181	3200
75	0.980189	7047	3078	4546	8001	9823
76	0.981074	8504	158	530	583	604	645	758	952	1009	1532	1584	1942	2191	2528	2663	2686	2924	3158	3773	3875	4836	5294	5302	5418	5646	6129	7194	7620	9330	9509	2513	4334	4872	6885
77	0.9901999	8723	1591	2420	4648	72	91	1539	2433	5027	1554	1768	6255	7287	7355	9361	9586	361	1588	2157	3825	4059	4650	7306	8775	10465	3935
78	0.988886	2	1996	2396	3063	3363	3877	4178	7248	8619	8115	17	1578	3052	3757	4378	5694	7121	7778	8858	9705	8597
79	0.986154	563	1450	6155	8255	8948	9820	4141	1005	4078	9765	9363	6435	695
80	0.977735	1568	1572	1631	4549	4639	6288	7874	8144	8659	8663	9480	1967	4772	1293	5753	8937	9050	1958	2030	9137	2195	912	5196	2317
81	0.99914231	1428	1583	2352	2464	2681	3000	3982	4612	6911	7173	7296	7366	7802	8452	10099	10280	10335	6417	1533	2066	2102	2312	2666	3208	6272	6673	9939	2992
82	0.9922671	2343	2747	5136	5527	6181	7497	8064	8760	2429	4340	9978	9883	6632	253	2527	2773	7015	7100
83	0.989659	30	301	1228	1412	3162	3371	4464	7358	239	288	341	596	759	838	1023	1277	2183	2331	3212	3710	3970	4258	5041	6010	6969	7215	7402	8325	8403	9347	9437	9951	3387	2196	5447
84	0.97671	34	3699	3815	5229	71	4964	5076	7127	7659	8396	8708
85	0.989452	66	371	590	786	877	924	1837	2934	4410	4474	4707	5943	6058	6949	7337	8309	8311	9440	10026	10109	10211	10290	290	1389	2644	4267	5180	6583	7068	7142	7252	8383	8582	8611	10089	940	5318	37	3417	5842	1574	3677	4215	4687	4931	5449	5742	6319	434	1124	1622	2902	3864	5379	6439	8088	8146
86	0.967402	76	783	997	1172	1258	1917	2093	2405	3036	5634	6410	7696	7818	8531	1338	2520	8526	5703	9282	10370	1137	1167
87	0.9955187	194	297	367	601	662	693	1041	1094	1336	1341	1582	1633	1811	2068	2382	2450	2631	2810	3100	3517	3662	4051	4235	4245	4403	4477	4585	5177	5368	5503	5847	5990	6000	6131	6353	6461	6684	6707	6886	6968	6981	7324	7412	7414	7648	8853	9159	9239	9251	9396	9494	9973	9997	10277	4500	5722	9899	8357	7188	9091	1275	2789	2898	6108	6960	6990	8265	8332	9178	4827	6305
88	0.977621	197	2943	9109	6994	2892	4056	5971	6927	6948	9948	6627	2364
89	0.966394	333	1083	1453	6890	7424	4664	8442	1284	7856	10075
90	0.970842	539	1231	1721	2119	2209	2345	2395	2402	2837	2936	3136	3723	4032	5005	6061	7733	9035	9670	5030	6218	7990	9667	1221	149	2197	5705	9010	9151	9659	10077
91	0.985904	821	963	1148	1265	1839	4114	4837	4969	5485	5611	5650	8675	9654	10314	2224	2768	3041	3138	5519	5930	443	10013	7109	2071	5567	8921	10162	1542	3850	7288	8091
92	0.989965	1109	6986	8842	5277	7920	9588	9972	10157	429	8063	8112	7740	7110	7477	8432
93	0.970431	1123	5533	1496	1288	1004	1823	4341	9143	4161
94	0.982818	1210	1801	3274	3613	3972	4906	5899	5929	6159	6530	8047	9336	7710	6847	217	1685	2751	3283	3438	3781	4453	5253	6717	7064
95	0.973846	1693	3766	4852	6438	7782	10034	10207	8471	9022	9718	7459	2700	3286	5370	5473
96	0.975714	2228	8899	4406	9946	4503	8049	9797	3010	6059	9784	10268	5409
97	0.975785	2451	2914	3145	8769	9969	7107	7213	619	6419	7368	3539	3683	3631	2460	5891
98	0.980043	2603	3013	2110	10007	5248	8392
99	0.970474	2918	5631	2786	451	5905	6850
100	0.989927	3317	3617	4792	5080	249	990	4335	4366	4456	4747	6668	7269	8672	5405	6201	6212	7529	9459	6764	4351
101	0.975098	3328	9133	790	1342	7841	1241	5907	9112
102	0.977778	3975	8295	5935	2771	4993
103	0.973066	4217	4818	74	1949	2608	5131	8169	8436	1013	5606	7374
104	0.970477	4788	10402	1842	5155	6016	6373	5516	8323
105	0.974293	5003	6118	8981	5274	9477	1464	4564	2591
106	0.965968	5025	1414	5434
107	0.9681960000000001	5827	4926	251	2752	8451
108	0.978941	5938	9439	3792	1297	7713	6543
109	0.982695	6189	8536	8498	10126	365	1174	4685
110	0.9922461	6349	9900	10149	6973	512	1108	4633	6991	7446	7666	7702	9877	8962	1676	5055	5749	4581	10186	10405
111	0.979118	7418	2440	5069	9994	10442	8174	10410	7211	4148	9993	9413
112	0.973919	8179	8264	3483	4726
113	0.982971	8871	10385	155	681	5502	5740	5301	4771	5011	7265	7901	7975	9348	2682
114	0.98829	9468	6884	7556	363	5010	5886	9871
115	0.97931	9491	3209	2862	6195	6621
116	0.976934	10445	3385	5388	3343	2417	9288	3190
117	0.979999	3999	1845	2081	1407	5342
118	0.9946592	5431	5667	5857	7684	8005	8301	10435	7617	165	3839	5265	6047	6170	6741	6744	10259
119	0.972076	6731	6905	54	399	1365	4232	4819	9021	9131	4212	9623
120	0.9942327	6	97	395	1659	1919	2043	2061	2308	2835	3440	3620	3621	4175	4662	4821	5132	5175	5200	5479	5509	5603	5829	6324	7032	7033	7074	7256	7719	8077	8210	8584	9081	9168	9169	9341	9557	9583	9642	10237	10306
121	0.986674	96	861	1226	1262	1369	1703	3402	2149	2582	3300	4022	4728	5162	5252	6099	7509	8068	8576	8977	9191	1249	3203	8810
122	0.989039	111	675	1212	1953	3137	4104	4279	4322	5429	5455	5830	6441	7333	7678	8228	8455	9495	10090	1606	3720	1762	4174	4766	5442	7549	7763	8035	8036	8478	8554	10416	2421	3366	4865	5831
123	0.9908413	514	623	865	2281	3800	7070	8567	9518	162	853	1327	3546	3931	3947	4667	5255	6473	7093	7137	7216	7914	8971
124	0.984672	519	612	810	1466	2038	6302	10022	6370	7496	7945	959	835	6897	7492	7539	10078	1140	2787	3341	6536	6844	6893	7566	8416	9276	9787	10409	5717	6798	5904	8683	615
125	0.98087	556	1062	1517	1645	1957	2844	3590	3678	3986	4610	4965	5487	5680	5862	6077	6186	6716	6799	7054	7397	7531	7755	8521	10003	5647	6148
126	0.9913583	915	7170	899	2166	2463	2558	4057	7005	7677	2801
127	0.9963287	942	978	1756	2890	3879	4800	5592	6702	7057	7806	7834	8284	8317	8590	9837	9865	10342	42	292	409	627	1378	1767	2589	2816	3174	3332	3638	3745	4325	4416	5288	5364	5467	5738	5815	6192	7688	8335	8353	8359	8511	8920	9358	9516	9916	10226	8836	9368	6285
128	0.9915046	1118	4196	817	1257	6074	6619	7652	192	1507	1740	1803	6306	7359	7416	7578	9267	9760	9404	8458
129	0.9960219	1487	1798	3824	4955	5525	6246	7495	8244	8520	9351	9522	441	574	913	1447	1595	1704	1848	1899	2548	2800	4006	4392	4697	5140	5532	5579	5779	6570	7259	7532	8056	8270	8486	8729	8743	8975	9829	9921	10037
130	0.984914	1512	2401	2809	5101	5810	5966	9003	9595	10035	10180	690	3407	5777	9524	5684	10104	9628	1526	1530	5619	8050	8341	3858	4999	973	5172	6378	7993
131	0.9904448	2445	3905	3962	6406	7065	163	338	862	3758	4857	6391	6688	7091	9271	922	1100	1698	2134	2190	2363	2409	3140	3545	3608	3780	5082	5332	5832	6213	8566	9100	3337	5843	4137	6097	6404
132	0.980597	2599	5676	6418	8499	1851	2205	7258	7315	7695	9424	1436	6514	7537	8129	9411	9620	9460	3725	6142	7642	8524	9541	2792	6535	494	2549	8714
133	0.9963732	4021	252	1334	1636	1977	2213	2915	4515	4773	5819	6146	6507	7485	7882	8875	10071	10094
134	0.9947486	4730	241	268	311	2053	3254	3362	3577	4686	5178	5359	7077	7190	8502	9242	9472	9676	10032	10169
135	0.9902651	6670	3048	580	870	1426	1465	1766	2627	3615	3640	4067	4961	5424	5942	7009	7433	8347	8701	9738	10124	10309	4295	1646	2671	2939	7031	8123	8796	3785	3990
136	0.980094	7982	200	543	934	1905	4490	8412	9448
137	0.976955	9690	8577	425	1440	5926	6191	9918	6005	7596	5605
138	0.974512	406	820	9197	3399	2856	5261	9339	9814	8788	8222
139	0.971464	752	5112	10131	9543
140	0.9996213	1067	1391	3542	4843	5440	10330	14	118	161	1605	3184	3291	3401	4236	4320	4594	7251	7820	8231	8306	8711	9560	9838	2481	6434	2255	771	3168	3666	4169	4262	4753	6608	6794	8087	8550	9893	10229	535	1580	5314	9154	9592	9961	259	1247	6459	8605	10088	3760	8268	3095	1743	2975	6464	3676
141	0.99913795	2057	3728	7881	9821	5204	4657	8752	8571	6811	2616	2795	5032	8661	2648	7413	2001	3818	4876	5416	5797	5816	6944	7521	8401	8900	9432	9682	10249	1166	3512	7786	1272	2311	4796	9632	6876	3414	6808	9002	9063	2264	3188	6271	7229
142	0.987359	3431	7697	33	901	3111	8763	9114	2723	5303	7119	8671	10142	8425	1055	8125	3452	5834	6260	7440
143	0.985905	5480	4855	587	1366	4705	781	8060	1992	5720	6773	8744	2990	2027	4708	4096
144	0.99956272	2106	324	1216	2497	9266	9310	10411	6269	7612	143	295	773	808	1347	1354	1871	2693	2717	2799	4443	4519	4790	4998	5057	5454	5518	5642	5748	5828	6198	6205	6388	6538	6539	6752	6836	6856	7542	7692	7724	7979	8095	8492	8838	8964	9354	9547	9884	10236	10322	10425	98	336	941	1972	2137	2900	3367	3772	4620	4910	5124	5799	6797	8249	8602	9819	10461
145	0.9942702	8666	1163	1983	2832	3040	5471	8651	588	5035
146	0.9997318	15	331	332	384	398	1263	1677	1855	1902	2212	2290	2725	2778	2861	3001	3051	3351	3810	3960	4144	4219	4480	4698	5146	5385	6500	7161	7208	7279	7711	7981	8277	8586	9027	9212	9234	9340	9601	9761	9873	9902	9925	10327	4309	545	1491	1895	3167	3965	4019	5137	6403	7218	7845	8237	1175	2461	2583	3224	3724	4211	4684	5266	6116	6157	6240	6280	6421	7398	7558	8595	8889	8961	9273	9467	867	4521	6117	6763	10187	8322
147	0.99900481	44	423	636	749	1034	1095	1335	1531	1657	1667	1985	2115	2250	2300	2889	2938	3030	3344	3429	3489	3518	3907	3926	3959	4086	4124	4185	4499	4542	4761	4914	4947	5036	5349	5524	5665	7327	7634	8299	8348	8380	8985	9122	9185	9483	9683	9710	9846	10093	10224	8917
148	0.9935536	2309	6283	498	421	864	1160	1831	1994	2089	3069	3418	3462	3817	4120	5297	5463	5711	6069	6454	6528	6726	6738	7098	7232	7476	7708	7736	7781	7887	8082	8134	8219	8863	9298	9609	9686	9937	10155	10181	4565	4369
149	0.9967103	5357	8890	129	792	1077	1317	1493	1523	1624	1666	1997	2637	3220	3691	4619	5542	6722	6776	8855	9095	9138	10031	10067	10141	10208	2812	8303	10457	140	262	480	540	544	2501	2509	2884	3085	3149	3191	3382	3427	4286	4932	5012	5336	5404	5734	5773	5918	6154	6558	6582	6891	6965	7317	7878	9007	9450	9630	9870	10019	2679	1353	10424
150	0.9906321	7478	8446	5985	4260	7452	9118
151	0.969338	7918	2082	10118
152	0.9936643000000001	27	1401	1416	1897	5141	6085	6467	7308	8110	1479	3373	5413	5510	8868
153	0.9933188	2293	6143	7227	5185	6978	2982	4029	5161	6372	8782	10119	5958	3707
154	0.982398	31	652	2062	2243	6037	10165	10248	2897	8032
155	0.99905547	2326	6400	6405	6730	8093	9390	4509	7815	9581	1036	3159	3929	5691	9634	307	815	9312	1952	4311	2997	7533	1204	1981	4742	8682	10274	890	1468	5826	2029	6447	3065	7779
156	0.979553	4319	982	4364	10270	8272	10044	1015	1192	4601	5296
157	0.968478	5295	3365	9799	103	1020	3799	6393	8079
158	0.975217	5560	256	4628	8330
159	0.988177	8334	5493	5512	6566	8183	10351	6902	7404	3559	6802	8171
160	0.967416	1437	8092	9130	10127	8551	2940	3602	7770	5875
161	0.979739	115	6501	4357	6135	7086	7354	9879	1793	3846	9514	769	9253	9425	10183
162	0.9954189	6660	2526	5741	7788	8898	10428
163	0.9920903	6030	5937	9227	6985	9417	90	599	1393	2542	4988	7797	7800	8797
164	0.978305	10008	2221	2525	3273	3436	3524	3897	4276	4460	4923	5021	5192	5481	6549	7541	9492	10173	7807	2561	3791	6365	8025	8030
165	0.9923354	46	127	1198	3054	3729	3764	4924	5220	6013	6762	6983	7406	7795	9730	10197	1037	9083	6719
166	0.9954096	51	1602	4285	261	422	1340	1976	3527	3572	4960	5914	7953	9523	6995
167	0.9932781	170	393	5580	5881	120	7000	2179	3495	3737	4201	5426	5798	6437	7260	7932	8738	9090	9126	9446	9465
168	0.9935443	193	582	2282	5954	8822
169	0.981976	488	4822	8182	9051	116	1944	2964	4660	5555	3060	5712	3540	4007
170	0.98752	581	1362	4035	8116	1896	2849	1669	4899	5957	8327	1684
171	0.99905642	1792	6680	683	703	748	896	991	1025	1033	1038	1255	2490	3308	3472	3592	3594	3835	3837	3921	3961	4391	4614	4652	4768	4997	5017	5522	5582	5775	5822	6323	6564	6701	6916	7045	7126	7243	7313	7365	7526	7563	7607	7664	7703	8382	8462	8545	8698	8918	9202	9207	9554	9561	9657	9943	10025	10085	10105
172	0.9950519	2184	3680	8003	8677	2692	8938	3062	4372	5028	5896	8119
173	0.987125	3581	3978	9967	515	4937	8638	6682
174	0.967869	7394	2298	6556
175	0.99914099	50	460	629	1988	2251	2610	2745	2843	3249	3329	4380	4723	4810	5593	6019	6242	6321	6354	6659	6664	6686	7063	7395	7687	8397	9052	9101	9182	9375	9602	9673	9711	9855	9882	10213	10286	328	1387	3740	5809	6470	6742	7177	7449	7595	8417	10453	195	841	1463	2876	4108	5022	6132	7553	7750	7973	9044	10251	7523	7824	705	2958	5658	5993	7606
176	0.99981488	415	508	1438	1800	2054	2335	2923	3183	3415	3916	4632	4702	5067	5272	5760	5786	6055	6098	6278	6934	7017	7020	7223	7685	7968	8039	8756	8764	8867	9513	9545	9713	10436	10467
177	0.9908456	2488	1171	6843	10355
178	0.9958538	55	402	517	1073	1478	1579	1731	1993	2263	2653	3376	3393	3502	4506	5219	5240	5472	5614	6193	6379	6862	8470	9006	9102	9409
179	0.9967739	78	753	1200	1427	1597	1599	1787	2478	2909	3196	3258	3550	3663	3878	3937	4179	4522	6540	6646	7060	8733	10455	2623	3464	4229	5507	5660	6829	6894	9585	966	7443	6227
180	0.9958577	4350	5046	7346	77	1691	2252	3886	5450	8563	9907
181	0.985983	5013	8585	9149	9322	9986	5750
182	0.9985534	60	2374	2875	3889	4069	5157	5258	5526	5893	7436	7575	7726	8603	9216	9599	10262
183	0.976355	7868	7756	8419
184	0.987643	10324	1375	1739	6254
185	0.988538	1941	3109	3552	4720	10378	8377	5841	471	3229	4017	4700	1121	2150	6772
186	0.9947219	4352	5334	6642	7058	8960	9180	9496	2125	4052	7013
187	0.9974907	84	1368	1403	1482	1861	4386	4732	5709	6606	8016	8983	9205	9866
188	0.9908288	5895	4680	8640
189	0.97784	1337	1932	4537	6268	9292	121	685	5761	979	1351	3257	4425	4659	5393	6126	7172	8387
190	0.9953395	6698	5264	6931	9728	7135	8902
191	0.982393	9617	352	1382	1668	1927	3207	3842	4520	4709
192	0.996681	7611	8987	9458	560	424	1410	2118	3971	6041	7597	7995	9505	740	4774
193	0.9936739	2987	5878	8369
194	0.9932898	7230	1652	1802	2891	3426	5474	6614	6855	5369	5745	5064	6604	7415	2998	3966	7377	7875	10113
195	0.9918875	5894	1719	8748	9008	2423	2824	6823	9329	9176
196	0.989407	10095	7942	2466	6141	1355	3554	9000	9317	5657
197	0.98249	119	553	638	7766	10340
198	0.9982787	141	578	1467	4181	5139	5973	6225	7939	8010	8148	8274	9257	9384	9590	9693	10308
199	0.971795	2755	347	5477	5559
200	0.9963362	2487	1815	603	4409	4849	5607	6603
201	0.987022	3868	387	6241
202	0.995444	757	2794	8929	9245	9262	9926	10234	461	4134	9917	9140	3115	1122	2602
203	0.994035	154	1181	2673	3779	4270	4828	9309	10112	4516	10458
204	0.9936737	164	724	3134	7967
205	0.9986602	168	971	1423	1486	2910	3160	3618	4640	8388	8673	3848	7407	8153
206	0.9977043	1781	2948	3101	3730	4598	4812	7417	8250	8337	9466	9843
207	0.9926246	9373	846	1950	5515	7343	7451	7464
208	0.9985071	218	2017	2661	3210	3514	3973	4054	4575	5389	5514	6065	6868	7191	7403	7573	8546	8674	8691	9594	9756
209	0.982169	10320	1097	7016
210	0.9966557	230	1051	2239	3794	4149	6100	8263	9215
211	0.9938619	4253	3457	4008	4218	10045
212	0.9959364	2758	3657	4886	5144	7362
213	0.9941555	279	313	3374	8522
214	1.0	282	6532	9556
215	0.9942033	4759	6140	5804	6493	1810	5430	5199	10164
216	0.9989725	309	521	1244	2135	3082	3105	3567	4929	5197	7861	7898	7996	8358
217	0.9978004	1481	4430	5920	7671	8453	8518	10468	3223	5776	9752	3596	5769
218	0.975577	8974	2123	7915
219	0.9977607	2711	4624	4950	6330	10450
220	0.991095	10321	5249	6335	6765
221	0.999922998	502	618	1139	1328	1390	2240	2266	2344	2553	2634	3295	4130	4299	4627	5130	5243	5443	6394	6415	6445	6964	7139	7297	7396	8735	8885	9085	9734	9748	10179	10376	10393	10446
222	0.9974227	561	794	2410	2814	3028	5721	7879	7935
223	0.99970099	579	1672	1966	2074	2156	2741	3378	4471	4584	5062	5312	5561	5900	6328	7026	9071	9663	10160	7984	897	2933	10462
224	0.9979482	597	1164	2050	2830	3053	3114	3645	4223	4644	5427	5682	6221	8407	8609
225	0.9987221	6754	2354	6253	7145	8243
226	0.9970661	796	2505	3767	5563	8074	9794
227	0.9988219	797	3324	4738	7501	8017	10171	6433
228	0.973773	1285	2534	2630	10304
229	0.9914239	1929	3155	5859
230	1.0	1053	8108	8598
231	1.0	1057	2739	8199
232	0.9948782	1079	2105	5191
233	1.0	1149	8354	8389
234	1.0	1370	6073	6184	6311	7053	7562	8351	10087
235	1.0	1501	3930	4030	6480	6899	7012	8758	8835	9089	9953
236	0.9979912	8726	3120	6356	6485	7156	7958
237	1.0	1894	2007	2108	7873	8893
238	1.0	1999	5460	6012	6788	9898
239	0.988222	2864	8122	10205
240	0.988025	8781	9397	9845
241	1.0	2874	5083	9097
242	0.985905	3391	4603	6906	7524	10399
243	0.9934086	3534	7303	9552
244	0.9935661	3747	5328	7559	9009
245	1.0	3860	4110	8220
