1	0.994150331406	627	684	859	982	1027	1203	2766	2773	3064	3152	3543	3581	3669	3853	3856	4026	4257	4367	4551	4805	4824	4873	5583	5725	5758	5837	5931	6567	6820	6875	7065	7532	8008	8264	8493	8517	8527	8625	8777	9140	9295	9497	9731	9793	9886	10024	10172	10682	10794	10852	10989	11143	11797	11961	12262	12418	12431	12533	12569	13026	13036	13216	13278	13324	13746	13821	13910	14129	14487	14564	14591	14842	14854	15107	15542	15728	15832	15897	16008	16218	16347	16384	16769	16789	16805	16816	16916	17306
2	0.991439853335	105	316	331	376	594	993	1576	1698	1884	1965	2579	2926	3255	3692	3904	3960	4169	4405	5554	5695	5778	5789	5961	5999	6491	7080	7694	7838	7917	8083	8354	8913	8954	9178	9367	11435	11754	11868	12235	12940	12963	13784	14032	14090	14835	14899	14941	15325	15486	15526	15653	15716	16174	16325	16465	16792	16823	17263
3	0.986032999577	54	461	1919	3265	3545	3841	3941	4618	4620	4728	5773	5801	6061	6492	6903	7434	8914	9762	9882	10059	12172	12259	13236	13556	14417	14918	15678	16653	17283
4	0.941420815118	703	1047	2749	4315	5923	6258	6319	7545	8416	9172	9609	10508	10646	12023	12632	14764	16172	16425
5	0.955739670004	155	824	995	3197	4502	4662	5422	7209	7642	7730	8284	9137	9523	10561	11508	11748	11782	12178	12721	13023	14411	15179	15253	15324	16610	17304
6	0.996410943449	114	163	319	1149	1236	1436	1458	1890	1904	2061	2422	2505	2782	2884	2929	2967	3392	3687	4161	4288	4441	4740	4944	4954	5117	5476	6089	6114	6296	6339	6448	6641	6764	7001	7134	8180	8246	8305	8360	8696	8911	9466	9603	9673	9816	10075	10405	10543	10765	11088	11100	11550	11663	11712	11724	11747	12004	12094	12233	12366	12480	12788	12840	13074	13141	13241	13277	13515	13906	13967	14103	14499	14577	14788	15021	15131	15552	15580	15587	15695	15872	16042	16097	16396	16883	16986	17257
7	0.974190523198	13	254	748	2243	2285	3485	3605	3909	4078	4348	5287	5892	6059	6361	6479	6759	6900	7218	7251	7875	7932	9253	10499	10779	11598	11744	12579	12596	13337	15142	15202	15216	16165	16196	16394	16928	17119
8	0.993945776336	484	1197	1625	2119	2220	2383	2913	2937	3948	5071	5359	5369	5826	6344	6757	7234	7268	7418	7441	7473	7650	7743	8087	8524	8828	9322	9857	9941	10217	11752	11914	12416	12978	13191	13509	14338	14446	14494	14560	14729	15422	15931	16217	16941	17089	17132
9	0.992223240728	271	2065	2252	3056	3883	4059	4110	4370	4904	5774	6211	7403	7873	8043	8570	9245	9744	10351	11336	11491	12421	13075	13458	13640	13897	14147	14596	17290	17349	17385
10	0.99319757439	0	25	74	391	596	841	869	890	1403	1424	1464	1595	1601	1702	1749	1798	1847	2216	2604	3564	3639	3892	3917	4259	4509	4571	4598	4951	5628	5700	5853	6050	6076	6615	7014	7757	7827	8198	8657	8681	8962	9067	9091	9171	9344	9409	9587	9615	9632	10102	10377	11031	11076	11749	12114	12268	12562	13732	14099	14993	15042	15085	15203	15352	15792	15942	15943	16100	16211	16533	16759	16785	16985	17005	17219	17345
11	0.999188901424	27	150	289	311	403	439	599	852	1151	1156	1221	1518	1575	2026	2164	2168	3238	3504	3511	3811	3919	4170	4242	4345	4374	4511	4588	4709	5278	5305	5575	5745	5756	5909	5954	6063	6300	6345	6454	6696	7177	7244	7287	7401	7698	7725	7900	8203	8274	8320	8562	8641	8769	8853	8936	9536	9563	9901	9963	9979	10040	10207	10213	10309	10547	10591	10759	11012	11186	11251	11414	11875	12167	12580	13080	13229	13317	13398	13464	13484	13581	13700	13929	14175	14412	14507	14743	14785	14967	15464	15755	15881	16081	16170	16929	16934	16976	17340
12	0.996115286984	786	828	1594	1831	1901	2392	2543	2907	3942	3980	4313	5490	5921	6133	6443	7779	7795	8415	8423	8718	9028	9139	10130	10421	10463	11456	11793	12401	12459	13098	13121	13776	14440	14496	14730	14754	15240	15867	16004	16146	17083
13	0.998781413059	95	946	1811	2212	2549	2551	2817	2866	2933	3385	3782	4027	4601	4604	4738	4908	5007	5270	5366	5483	5660	5861	5993	6020	6101	6286	6322	6453	6618	6707	6752	7108	7332	7503	7629	8105	8544	8956	9023	9045	9152	9229	9483	9623	9706	10283	10620	10666	10784	11503	11842	12386	12507	12757	12975	14040	14109	14413	14527	14616	15080	15173	15361	15560	15633	15820	16071	16142	16452	16459	16552	17377
14	0.998438372585	207	420	603	657	1507	1552	1733	1866	2419	2704	3073	3219	3288	3508	3698	4339	4848	4986	5102	5487	5507	5718	5840	6332	6502	6542	6991	8635	8640	9234	9310	9397	9799	10362	10363	10464	10781	10856	10919	11278	11317	11553	11561	11741	11790	11844	12246	12531	12595	12698	13037	13306	13694	13698	14137	14221	14620	14830	15199	15294	15306	15475	15976	16454	16602	16619	16652	17280
15	0.979211676773	260	822	1428	1672	2429	2881	3576	3771	4072	4307	4512	4565	4787	4948	5567	6060	6562	6905	7272	7291	7453	8757	9317	9459	9488	10002	10035	10380	10758	11339	11391	12974	13571	13914	14438	14966	15012	15186	15786	16276
16	0.9926857989	470	601	1620	1747	2122	3688	4071	6628	6643	6645	6649	6708	7193	7709	8208	8257	8474	8540	9431	9629	9644	10221	10929	11923	11949	13000	13519	14179	14643	14793	14847	15586	15588	16451	16685	16956	17036	17085	17192	17262
17	0.975458327457	662	1857	1975	2463	3121	5652	7677	12568	13332	14982	16379	16725
18	0.996261035115	2332	2514	2565	3427	4549	5134	5193	5198	5466	5485	5986	6121	6154	6227	6876	7004	7041	7203	9617	9701	9751	10039	10284	10292	10295	10505	10636	10670	10836	11466	11497	11730	11736	11863	13877	15105	15511	15868	16045	16437	17363
19	0.996486532224	278	745	1076	1728	1753	1767	2364	2569	3356	4076	4484	5847	6301	6785	7462	7575	7803	9018	10654	11523	12169	12311	12556	12972	13632	13773	13782	13859	13907	13998	14296	14829	14852	15472	15598	15634	16547	16778
20	0.980823579185	5017	5140	6755	8124	8318	9264	9832	9939	10741	10823	11358	12830	13067	13791	13893	15162	15565
21	0.99137709773	21	935	1016	1146	1602	1788	1844	1982	3085	3230	3431	3568	3736	3750	3840	4544	4665	4708	5103	5116	5226	5516	5698	5748	5844	5981	6269	6499	6887	7785	7856	8475	8992	9009	9022	9040	9063	9902	10016	10238	10458	10550	10555	10606	10623	10686	10896	12829	13179	13217	13305	13392	13503	13922	14299	14537	14938	15175	15523	16033	16260	17182
22	0.996543576364	65	457	1086	1277	1886	1927	3108	3158	4293	4943	5577	5724	5905	6221	8066	8174	9419	9973	10411	10650	11063	11230	11303	11427	11516	11911	12873	12902	13472	13478	13818	14809	14845	14869	15797	17084
23	0.997995416725	251	353	1049	1150	1395	1585	2073	2091	2507	2624	3027	3170	3449	3465	4051	4055	4495	4602	4660	4750	5016	5247	5705	6180	6865	7156	7654	7848	8004	8108	8353	8543	8659	9724	9727	10196	10567	10807	10813	11688	12179	12353	12621	12651	12668	12754	12769	13256	13616	13856	14015	14031	14325	14855	16173	16239	16566	16640	17106
24	0.995681427161	689	1503	2095	2523	2538	2684	4628	4644	4768	5029	5503	5531	6034	6273	6382	6672	7090	8046	9947	10224	10262	10312	10552	10556	10714	10984	11126	11267	11475	12653	14979	16292
25	0.997765900437	444	938	1869	1932	2433	2941	2977	3522	3592	4061	4086	5023	5328	5496	5645	5814	6047	6656	7013	8340	8466	8706	8935	9601	9655	9754	11341	11675	11932	12206	12302	12321	12552	12715	13377	13385	13561	13573	14358	14401	14699	15964	17234
26	0.962487660415	1056	1822	1888	3111	3412	3538	4050	4413	4770	5760	6483	6519	6971	7389	7624	8953	9189	9773	11464	11592	11798	12018	12976	14134	14317	14385	15303	16814
27	0.998395642364	130	440	509	930	1075	1079	1190	1485	2363	2465	2739	3044	4746	4773	4871	5671	5678	6330	6738	6924	7027	7744	9155	9401	9555	10197	10520	10523	11050	11821	11971	12151	12541	12696	12945	12989	13420	13433	13539	13626	13792	14365	14445	14561	14711	14858	15137	15489	16036	16297	16359
28	0.94950148075	229	791	1659	6373	6938	7136	8521	9285	10328	10347	11355	11473	12966	13105	13863	14056	14215	14679	14961	15423	15554	15877	16116	17177
29	0.995643209702	1167	1553	3096	4067	4743	5256	7028	7502	8955	9311	12936	12995	15337	16037
30	0.98299816669	2007	2548	3039	3875	4396	6537	7345	7849	7886	8185	8222	9420	9987	10171	11443	11711	11718	12154	13467	13744	15286	16362
31	0.979941475109	2176	3608	15589	15876	17294
32	0.996030038076	5	451	776	1001	1635	2876	2887	3173	3386	3421	3939	3975	4149	4228	4705	5319	6055	6142	6404	7311	7602	7630	7948	8802	8811	8972	9450	9532	9626	10091	10420	10942	11606	11878	12129	12145	12382	12858	13309	13323	13339	13407	13575	13618	13801	14581	14678	15073	15397	15775	16120	16204	17265
33	0.923275983641	288	3794	6607	8742	8833	9494	10011	12607
34	0.930437879002	1133	2180	2729	3232	5113	5412	8347	8983	9633	9766	9977	10578	10885	10996	12650	14634	14655	15275	17113	17291
35	0.964350585249	1292	3855	4264	6812	7370	14369	14633	16623	16672
36	0.970361021013	2255	2275	2418	4814	5589	5882	8057	9225	9681	9969	10486	11203	11559	12396
37	0.926709913975	183	2501	3297	4049	5650	15921	16261
38	0.92087857848	6885	7309	7355	13091	13733	15285
39	0.965744605838	651	3194	8995	10780	11379	13291	13295	13655	13932	16010
40	0.988330982936	426	767	1297	5642	5966	5979	6340	7274	8838	14233	14919	16346	16369	17018	17173
41	0.997038076435	120	180	238	625	730	814	1030	1559	1970	2261	2283	2404	2712	2861	3301	3499	4488	4534	4917	5008	5042	5291	5550	5850	6032	6200	6500	6512	6626	6970	7224	7381	7541	8059	8241	8267	8412	8776	8959	9250	10083	10367	11742	11929	12313	12317	12831	12934	12997	13077	13287	13396	13477	13522	13944	14016	14071	14570	14871	14886	15066	15155	15795	16035	16455	16462	16606	17152	17295
42	0.99794923142	146	707	1618	1641	1695	2043	2046	2556	2710	2774	3446	3550	3575	3727	4025	4182	4552	4667	4907	4965	5170	5351	5474	5730	5946	6625	6686	6823	6901	7398	7420	7535	7652	7733	7936	8227	8242	8312	8421	8886	8978	8981	9029	9390	9539	9663	9726	9779	10255	10327	10331	10805	11006	11161	11198	11210	11325	11492	11677	11791	11947	12056	12138	12255	12438	12449	13796	13881	13951	14017	14206	14370	14714	14723	14769	14881	14890	15083	15269	15287	15340	15453	15484	15558	15627	15751	15833	15913	15995	16001	16222	16662	17003	17148	17181	17188
43	0.930406148639	108	1311	2012	2288	2811	3052	8253	9584	9738	10715	11703	12394	13264	14362	14913	15290	15917	15992	17368
44	0.964684811733	236	928	1263	1524	1546	5540	5752	6015	7820	8155	8859	9201	12719	13479	13529	14022	14781	15070	15705	16167	16446	16505	17216
45	0.997750951911	281	504	667	860	882	1108	1851	1926	2104	2267	2531	3023	3214	3267	3360	3834	3930	4827	4972	5075	5233	5288	5497	5983	6450	7017	7114	7735	8546	8869	8950	9163	9174	9426	9508	9840	10005	10376	10900	11057	11068	11562	12040	12044	12171	12219	12550	13078	13284	13869	13875	14749	15018	15986	16400	16626	16858	16933	16980	17025	17090	17117	17324
46	0.998996121845	11	24	332	483	1199	1662	1784	2280	2413	2666	2676	2724	2765	2831	2902	3057	3268	3382	3417	3422	3463	3683	3686	3929	4431	4518	4761	5310	5612	5835	5859	5982	6265	6408	6425	6477	6650	6716	6739	6892	7320	7336	8060	8288	8383	8701	8850	8919	9007	9279	9427	9703	9846	9953	10222	10539	10800	11125	11250	11318	11461	11488	11687	12147	12328	12544	12697	12875	12918	12967	13099	13182	13511	13514	13756	13798	14161	15029	15519	15652	15680	15860	16053	16155	16667	17087	17221	17381
47	0.997065082499	894	992	1478	2251	2622	2769	2787	3512	3621	3801	5470	6462	7373	7478	7914	8187	8358	8430	9230	9910	10034	10071	10394	10518	10975	11084	12805	12867	13330	13388	14281	14547	14579	15148	16082	16117	16229	16300	16329
48	0.994523621492	1031	1379	1860	1979	1995	3715	4349	4354	4977	5152	5452	7565	9072	9303	9729	10235	11310	11506	12065	12525	12547	12783	12874	12933	13848	13889	14867	15371	16665	16723	16776	17190	17338
49	0.991049217318	67	209	563	646	883	1301	1780	2357	2819	2916	3544	3627	4261	4842	5010	5237	5980	6146	6401	6524	6715	6806	6882	7233	7399	7877	7954	8206	8497	8515	9389	9695	9802	9809	10501	10727	10801	10853	11004	11060	11233	11316	11415	12075	12250	13787	14065	14731	14955	15087	15360	15903	16290	16456	17022	17144
50	0.958070793964	19	73	781	2124	2196	2219	2681	2803	3074	3237	3693	3947	5250	5324	7238	7512	7729	8377	8775	10321	10897	11177	11676	12841	13637	14222	14893	15047	15479	16318
51	0.998028416302	70	86	143	269	532	692	830	926	1318	1351	1366	1829	2028	2154	2197	2262	2393	2572	3432	3806	3838	4111	4131	4529	4902	4924	5034	5468	5858	6289	6472	6717	6776	7190	7235	7574	7647	7784	7792	8691	8996	9202	9721	10023	10099	10163	10280	10487	11025	11030	11530	11582	11913	11979	12631	13171	13497	13820	13835	13934	14148	14483	14624	14654	14682	14691	14778	14831	15219	15222	15449	15683	15861	16189	16691	16692	17029	17175
52	0.994265900437	295	336	510	524	613	1191	1334	1613	1713	1938	2006	2629	3087	3662	3749	3769	4831	7126	8249	8622	8786	9312	9792	9885	10577	10596	10644	10995	11035	11148	12269	13058	13693	14005	14839	15319	15585	15902	16096	16600	17128	17166
53	0.993205753772	1161	1230	1295	1935	2079	2130	2378	2583	2919	3012	3060	3423	3810	4092	4751	5807	5809	5975	6364	6786	7290	7339	8244	8366	8556	8887	9537	9871	10289	10778	11017	11418	12364	12411	12724	13222	13294	13409	13448	13673	13713	13754	13879	14158	14264	14506	14626	15979	16252	16513
54	0.993394161613	1022	1356	2330	2506	2682	3529	3744	4062	4277	4935	5106	5518	6572	7910	8133	10428	10542	10656	10744	11042	11405	11865	12483	12529	12612	12638	12817	13057	13705	14981	15249	15530	17109	17150
55	0.997444013538	62	1471	2100	3155	3329	3952	4126	4675	5268	5488	5605	6085	6490	6516	6771	6935	7310	7361	7530	7651	7862	8157	8812	8998	9081	9083	9237	9511	9514	9516	10044	10815	11238	11960	11989	12182	12195	12926	12950	13166	13734	13961	14350	14606	15184	15314	15342	15483	15579	15637	15711	15789
56	0.991736003385	66	243	252	335	611	668	1026	1126	1913	1967	2559	2700	3188	3227	3348	3699	3728	3871	3908	4054	4318	4445	4591	4807	4882	4961	5184	5396	5586	5827	6386	6504	6522	6929	7087	7140	7157	7318	7490	8709	9319	9772	10087	10142	10415	10475	10496	10517	11014	11840	11841	11996	12408	13118	13208	13591	13834	14118	14229	14611	14672	15452	15850	16105	16351	17058	17196	17292	17378
57	0.997845014808	154	589	844	1085	2038	3102	3292	4386	4407	4466	4726	4800	4979	5112	5395	5421	5542	6334	6391	6969	7223	7385	7913	8225	8322	9227	9524	9944	10455	10491	10926	11111	11579	12066	12615	13765	14310	15493	15647	15818	15934	15993	16056	16265	16429	16689	16890	17215	17254
58	0.964303342265	500	1381	1843	1887	2054	2563	3161	3401	3959	4508	5284	5505	5690	5957	6261	7107	7506	8533	8561	8916	9058	9160	9588	10793	10816	11191	12870	12938	13430	15055	16803
59	0.985604287125	683	3008	6858	7230	8028	8374	8603	9657	13565	15521	15794	15826
60	0.990927936821	878	2698	3990	4808	5006	6174	6380	6671	11146	11169	11265	11536	11633	11926	12444	12742	12977	13016	13437	13597	14213	15232	15599	15672	16040	16873
61	0.967768297842	3274	3452	10378	11274	13462	17389
62	0.943847835284	1730	3370	5674	8070	8277	8597	8821	11275	12760
63	0.9229727824	1319	1558	4223	4422	4782	6381	6917	7092	8315	9299	9689	10200	10264	10854	11173	11241	12510	17000
64	0.942274714427	423	571	758	1651	3004	3923	4359	7470	8152	8609	9486	10057	10068	15896	16493	17065
65	0.996833662389	164	276	333	984	1080	1391	1720	1819	1999	2730	3835	4120	4154	4625	5003	5172	5384	5416	5584	7426	7603	7745	7888	8890	8940	9154	9453	9757	11137	11182	11183	11517	11697	12413	12558	12633	12710	12857	12884	13656	13676	14529	14851	15192	16231	16296	16373	16571	16663	16752	16896	17392
66	0.990220702299	99	184	330	740	891	1015	1892	2057	2421	2669	4172	4291	4536	5265	5272	5311	5318	6320	6496	6743	6745	6908	7281	7815	8346	8502	8621	9132	9854	9934	10286	10581	10692	10818	10860	11047	11859	12045	12239	12614	13030	13050	13729	14009	14089	14167	14454	14510	14542	14650	14695	15149	15180	15469	15504	15810	16915	16930	17088	17191
67	0.995337399521	115	380	535	811	1045	1313	1778	1924	1944	3351	3477	3864	3997	4410	4654	4796	4820	4988	5094	5430	6118	6360	6385	6796	6977	7141	7259	7509	7918	7981	8092	8113	8279	8352	8456	8576	8695	8740	8790	9599	9605	10012	10149	10601	10696	10708	10710	10763	10797	10831	10891	11249	12123	13376	13674	13760	14086	14451	14883	14915	15790	15907	15955	16016	16886	17023	17030	17105	17227
68	0.993321463827	217	352	371	531	576	637	757	1127	1212	1231	1262	1898	1918	2182	2207	2211	3139	3359	3459	3471	3665	3690	3778	3848	3918	3966	4099	4968	5240	5509	5754	5761	5976	6275	6338	6517	6730	7819	7902	8158	8178	8200	8442	8628	8739	9169	9209	9860	9881	10030	10080	10215	10307	10680	10721	10859	10876	10941	10954	11010	11026	11128	11131	11361	11805	11879	12130	12201	12260	12450	12560	12566	12587	12594	12676	12814	14055	14295	14538	14727	14856	14874	15045	15050	15054	15147	15217	15310	15649	15777	15845	16023	16267	16987	17107	17309
69	0.995342123819	197	2086	2493	2993	3593	4100	4269	4424	6224	7120	7257	7263	7841	9694	10334	10407	10665	11390	11834	11958	12068	12662	12872	12880	13471	13925	14190	15252	16002
70	0.937912847271	3496	4978	5087	5174	8392	9061	9290	10910	13996	16191	16718
71	0.99727006064	127	310	728	794	1038	1116	1233	1555	2822	3005	3116	3128	3503	3611	3843	4222	4427	4649	4785	4993	5155	5187	5200	5380	5854	5863	5984	6264	6559	6591	6843	7040	7307	7456	7522	7777	8271	8406	8536	8891	8946	9020	9065	9636	10066	10300	10326	10717	10736	10812	10899	11232	12013	12156	12551	12611	12801	13169	13415	13563	13747	13968	14027	14461	15204	15312	15467	15481	15690	15822	15870	16078	16177	16193	16390	16611	16855	17248
72	0.983939500776	527	1554	2686	3210	3819	3899	4216	4421	4507	4516	5971	6679	6833	7240	7549	7615	8664	8746	10403	10630	11455	12298	12908	14239	14372	14811	14850	15474	16126	16978	17103
73	0.998429629107	157	284	592	759	1124	1226	1305	1309	1341	1343	1561	1704	1712	1914	2469	2655	2878	2894	3042	3115	3729	4265	5388	5403	5683	6088	6201	6471	7012	7144	7260	7333	8210	8334	8630	8668	8688	9254	9634	9712	9943	9970	10354	10583	10858	11011	11940	12882	13126	13320	13883	14434	15123	15488	15713	15805	15963	16216	16269	16324	16340	17379
74	0.995011211395	292	418	480	892	1273	1413	1474	1486	1665	1789	1801	1920	2052	2105	2344	2387	2394	2982	3133	3263	3281	3586	3774	4009	4021	4221	4446	4474	4636	4687	5100	5153	5304	5455	5600	5886	6006	6036	6685	7185	7248	7433	7564	7609	7614	7836	7967	8085	8247	8472	8508	9371	9417	9734	9940	10047	10056	10127	10417	10441	10972	10973	11078	11095	11116	11327	11436	11486	11984	11991	12314	12332	12390	12489	12646	12741	12790	13434	14115	14146	14270	14680	15010	15758	15770	16112	16127	16200	16282	16397	16426	16434	16798	16845	16878	17126	17142	17307
75	0.997665703004	15	691	795	972	1457	1465	1738	1874	1974	2136	2511	3166	3518	3523	3632	3994	4038	4064	4174	4388	4719	5074	5238	5340	5341	5880	5941	6119	6809	6899	7123	7387	7539	7711	7812	7825	7990	8120	8143	8212	8273	8378	8552	9016	9090	9679	9921	10638	10767	10775	11109	11254	11258	11647	11710	11781	12033	12157	12360	12524	12864	13009	13019	13223	13368	13373	13413	14218	14391	14399	14689	15399	15451	15549	15724	15974	15999	16052	16206	16304	16762	17008	17302
76	0.998803483289	71	237	398	1017	1187	1908	2184	2192	2444	2715	2915	2969	3293	3315	3331	3450	3724	3865	4058	4102	4563	5156	5331	5379	5406	5428	5811	6277	6604	6728	7255	7343	7382	7429	7448	7529	7653	7701	8316	9776	9813	9849	9891	10155	10427	10444	10490	10545	10639	11208	11239	11621	11717	11732	11815	12074	12351	12430	12692	12701	13202	13446	13542	13660	14252	14479	14671	14698	14761	14911	16180	16383	16528	16549	16775	17054	17071	17118	17136	17168	17348
77	0.998579960513	84	182	366	680	872	994	1251	1252	1269	1425	1578	1645	1931	2746	3014	3034	3358	3367	3378	3489	4129	4357	4360	4428	4624	4673	4683	5655	5782	5818	5987	6017	6116	6248	6270	6295	6349	6430	7525	7734	8009	8357	8364	8468	9670	9697	10278	10609	10683	10688	11565	12136	12217	12397	12441	12672	12811	12854	12969	13124	13193	13964	14204	14322	14363	14512	14604	14737	14779	15736	15814	15961	16039	16357	16982	17325
78	0.996657523621	270	506	556	985	1511	3228	3820	4010	4956	5928	6018	6667	7127	7727	8580	8873	9707	10143	10315	10413	10575	11138	11394	11430	11631	11720	11799	11881	12272	12559	12835	13079	13851	14230	14384	14526	15413	16277	16380
79	0.999049992949	1072	1287	3069	3377	3793	4008	4040	4068	5085	5293	5411	5431	5453	6042	6222	6476	6703	6964	7139	7278	8020	8713	8952	9341	9876	10246	10488	10554	10901	10983	11357	11522	11664	11745	11750	12008	12512	12659	12678	12961	13084	13313	13658	14924	14962	15165	15784	15940	15966	16118	16312	16953
80	0.995410026795	7663	9413	9451	10054	10114	10489	10611	10649	11927	12005	15445	15733	16108	16233	16907	17322
81	0.981136652094	247	871	1105	1538	3125	3364	3389	3604	5529	6600	6727	7661	7934	9289	10930	11103	11769	12247	12970	14023	15065
82	0.998624312509	28	103	300	528	708	920	1029	1053	1202	1254	1288	1479	1551	1663	1764	1876	2310	2785	2795	2832	3055	3098	3253	3701	4199	4281	4358	4448	4526	4869	5524	5557	5558	5742	5838	5841	6013	6021	6092	6097	6175	6367	6747	6869	7121	7208	7388	7464	7672	8100	8624	8703	8925	9092	9439	9704	9957	9983	10271	10866	11367	11946	12031	12111	12370	12578	12664	12792	12892	13854	14541	14550	14720	14739	15100	15145	15210	15250	15718	16125	16162	16288	16541	16567	16637	16655	17297
83	0.993662177408	198	304	378	422	580	585	663	685	957	1008	1245	1497	1805	1870	2432	2825	2852	2893	3029	3097	3146	3213	3216	3260	3476	3711	4180	4243	4328	4515	4834	5019	5405	5528	6124	6166	6246	6742	6826	6927	7292	7867	7904	7943	8075	8375	8479	8589	8712	8944	9142	9173	9175	9210	9324	9443	9562	9743	10074	10096	10265	10595	10810	10864	10968	11129	11264	11590	11825	12361	12384	12455	12523	12683	12714	12838	12924	13155	13819	13904	14020	14163	14415	14696	14753	14880	14936	15214	15772	15834	15838	16508	16731	16924	16951
84	0.927979128473	2294	5011	5062	5393	6590	6734	8390	11803	11987	13751	14111	14425	14861
85	0.988476237484	823	1129	1260	1488	1502	1657	1668	1772	2110	2254	2366	2438	2899	2940	3022	3897	4106	4209	4272	4455	5024	5157	5601	5988	6375	6475	6558	6783	7137	7173	7601	7622	7731	7881	7882	8254	8604	8734	9203	9294	9435	9492	9650	10390	10796	11071	11217	11783	11904	11978	12091	12306	12511	12713	12745	12809	12865	12917	13051	13119	13286	14389	15187	15239	15396	15564	15734	16124	16585	16593	16920	16940	17308
86	0.999067409392	20	41	59	306	508	751	1097	2083	2156	2399	2659	3374	3424	3773	3878	3896	3913	3934	4204	4605	4666	4839	5026	5151	5312	5709	5959	6955	7406	7500	7517	7842	7921	8073	8263	8484	8724	8755	8797	9272	9288	9351	10227	10615	11158	11207	11244	11500	11547	11735	11784	11920	12093	12188	12645	12833	12877	12935	13114	13689	14100	14535	14745	14772	14870	14914	15121	15297	15341	15998	16129	16760
87	0.993084543788	412	482	1130	1344	1352	1508	1850	1986	2593	2954	3492	3720	5002	5009	5098	5578	6043	6110	7746	7876	8676	9458	9583	9672	10893	11890	12049	12503	13741	14374	15036	15164	16230	16722
88	0.997198491045	220	396	1003	1284	1500	1699	1803	2741	2874	3380	3437	3462	3657	3823	4317	4524	4923	4940	5051	5061	5093	5222	5559	5641	5877	6004	6159	6214	7582	7692	7883	7903	8077	8342	8361	8376	8428	8667	8867	9190	9541	9606	10148	10252	10305	10353	10958	11044	11568	11626	11705	11885	12378	12447	12494	12545	13148	13212	13266	13397	13476	13535	14045	14324	14488	14780	14939	15072	16095	16479	16588	16917	17301	17327	17346
89	0.990910308842	1549	1593	1984	3054	3799	4329	4452	5097	5585	5795	7447	7955	7964	8745	8793	9333	11526	11898	12131	12943	13492	13549	13783	13806	14011	14297	15503	15949	16313	16609
90	0.9979562121	473	693	789	1402	1882	2085	2292	2631	2744	2888	3231	3236	3303	3826	3849	3962	4031	4479	4486	5073	5370	5707	5791	5884	5915	5949	6057	6250	6299	6521	6587	6893	6995	7265	7845	8426	8520	8801	9768	9824	11404	11765	11776	11950	13508	13647	14052	14242	14453	14747	14760	14795	15687	15959	16088	16344	16438	16716	16880
91	0.984795515442	205	622	840	922	1034	1845	1852	2053	2351	3393	3408	4121	4586	4658	4664	4713	4950	5382	6434	7570	7811	7924	8287	8420	8514	9101	9467	9756	9814	9906	9998	10576	10703	11049	12082	12573	13587	13608	13814	14210	14335	14495	14615	15656	16575	16784	16786	16815	17390
92	0.999579156677	53	239	321	354	362	519	731	865	1389	1489	1548	1612	1708	1773	2025	2034	2074	2132	2535	2653	2816	3353	3447	4074	4177	4218	4351	4519	4640	4648	4772	4777	5033	5063	5069	5110	5135	5337	5899	6071	6205	6209	6256	6397	6419	6455	6461	7054	7633	7778	7947	7957	8283	8446	8693	8785	8912	9365	9604	9607	9863	10084	10447	10673	11165	11305	11389	11722	12030	12456	12471	12496	13015	13103	13226	14814	15169	15476	15759	15909	15926	16303	16413	16712	16844	17033	17034	17209
93	0.931552672402	10	1990	2472	2474	4434	4645	5500	5739	6040	6639	7435	7518	8405	8439	8445	8573	8661	10013	10470	11083	11424	13201	14185	14280	14348	16065	17212
94	0.99498159639	650	1002	2089	2403	2489	5189	5712	5799	6609	7578	7695	10482	11476	11529	13550	14277	14520	15431	15459	16649
95	0.999281977154	405	588	881	1019	1377	1737	1837	2078	2424	2600	2848	2955	3015	5734	6279	6426	7297	7445	7450	7893	8223	9162	9207	9836	10180	10201	10360	11205	13248	13262	13400	13599	13614	13651	14019	14342	14820	15268	15327	15443	15635	15717	15778	15970	16408	16874	17038	17049	17312
96	0.925899026936	1054	1110	4554	4592	9053	14378
97	0.998081159216	88	401	709	723	734	974	1169	1220	1994	2010	2117	2319	2657	2751	2949	3009	3180	3730	4150	4207	4350	4375	4643	4792	4797	4859	4971	5169	5204	5377	5404	5568	6022	7360	7859	8128	8710	8934	9244	9627	10393	10438	10573	10969	11121	11145	11176	11402	11411	11826	12037	12052	12173	12186	12316	12341	12434	12535	12613	13083	13207	13512	13743	13933	14072	14428	14464	14746	15156	15292	15343	15349	15441	15535	15673	16256	16530	16628	17063	17195	17225	17247	17350
98	0.99827006064	75	768	1094	1142	1307	1794	1946	1973	1988	2258	2286	2353	2401	2427	2487	2760	3035	3103	3203	3383	3414	3836	4105	4200	4378	5092	5255	5397	5918	6014	6410	6611	6992	7099	7113	7222	7282	7358	7437	7958	8261	8435	8666	8941	9006	9117	9528	9598	9914	10041	10160	10592	11108	11197	11201	11454	11683	12209	12644	12693	12751	13054	13641	13777	14048	14069	14076	14119	14387	14567	14951	15261	15720	16059	16090	16417	16564	16594	17370
99	0.99901508955	42	145	212	485	597	744	950	1268	1709	1917	1947	2218	2315	2382	3343	3473	3717	4246	4409	4485	4715	4754	4776	4821	4828	4900	5322	5677	6736	6990	7241	7479	7573	7753	7823	7973	8280	8314	8690	9147	9186	9685	9900	10350	10808	11136	11172	11605	11611	12273	12357	12375	12448	12637	12895	13021	13576	13593	14188	14381	14595	15074	15092	15183	16301	16601	16604	17169
100	0.995485263009	1925	2470	2779	3640	6371	7275	7771	8192	8670	8937	9001	9433	9965	10045	11007	11575	11751	12020	12098	12362	12436	12717	13109	14544	14580	14585	15893	16531	17371
101	0.997903116627	45	255	397	489	577	645	952	1184	1208	1264	1291	2273	2450	2545	2562	2610	2637	2731	2812	3031	3065	3119	3482	3570	3590	3713	3758	4267	4276	4469	4741	4860	5269	5443	5563	5638	5706	6561	6855	7059	7346	7379	7732	7758	7774	7968	8088	8339	8483	8758	8781	9242	9256	9557	9602	9675	10259	10416	10570	10735	10764	11118	11206	11434	11591	12063	12067	12774	13108	13138	13288	14068	14333	14416	14420	14569	14613	14622	14653	15178	15403	15553	15851	15910	15978	16073	16375	16402	16817	16837	17162
102	0.999344415456	60	111	495	513	623	764	904	967	999	1513	1626	1813	1871	2425	2688	2962	3066	3599	3600	3847	4238	4947	5339	5933	6011	6156	6363	6464	6501	7704	7717	7843	8278	8293	8371	8434	8595	8602	8939	9339	9469	9753	9838	10029	10132	10199	10452	10483	10610	11510	11580	11640	11667	11829	11986	12032	12445	12457	12866	12889	13826	13857	14112	14392	14559	14721	14840	15170	15406	15438	15455	15630	15719	15819	15871	16727	16821	16905	17039	17170	17180	17275
103	0.994408122973	443	573	966	1505	1519	1590	2021	2208	2297	2329	2337	2409	2541	2612	2818	3334	3497	4320	4321	4475	4572	4641	4769	4778	4884	5446	5501	5684	6049	6141	6346	6395	6817	7057	7196	7362	7599	8031	8673	9912	10121	10125	10128	10223	10640	11072	12490	13154	13327	13355	13357	13360	13745	13902	13956	14113	14197	14978	15043	15332	15430	15454	15793	15836	16143	16461	16654
104	0.991767733747	259	450	590	754	1302	1427	1993	2106	2214	2547	3441	4065	4481	4527	5127	5536	5564	5623	5874	5891	5939	6176	6297	6629	6677	7327	7931	7939	8011	8033	8895	9195	9506	9874	10063	10299	10733	10861	10981	11056	11656	11738	11982	12050	12282	12286	12765	13097	13366	13402	14364	14375	14640	14683	14868	14912	15605	15684	15722	16382	16657	16687	16710
105	0.999106755042	100	196	324	1314	1329	1483	1615	1667	2204	2706	2974	3202	3381	4115	4236	4312	6280	6356	6763	6947	7507	7640	7752	7756	8579	8720	8765	8865	9298	10181	10190	10695	10756	11352	11893	11934	12099	12312	12571	12640	12706	12785	12856	13623	13905	13920	14291	15357	15386	15581	16238	16537	16682	17086	17164
106	0.99879579749	240	523	629	816	1052	1057	1114	1171	1267	1409	1759	1824	2215	2327	2646	2733	2911	2943	2961	2968	2971	3140	3205	3375	3487	4326	4480	4575	4897	5314	5459	5672	5776	6196	6514	6766	6988	7499	7584	7906	8164	8292	8362	8432	8513	8749	8964	9111	9164	9429	9448	9564	9637	9725	9761	10008	10174	10208	10914	10979	11062	11167	11548	11641	11649	11762	11883	12011	12107	12303	13039	13143	13232	13300	13307	13419	13648	13730	13766	13811	13880	14083	14226	14254	14493	14602	15040	15099	15293	16106	16241	16391	17096
107	0.988103934565	2137	4303	4747	8498	8994	9194	9215	10594	11229	12146	12155	12641	12909	13453	14926	15520	15873	15968	16519
108	0.990542941757	525	1021	1200	1493	1572	2206	3517	3946	4275	5129	5574	6563	6681	6691	7431	8005	8202	8550	8798	11081	11259	11329	11632	12224	12348	12691	13610	13836	13839	14618	16186	16625	16719	17218	17226	17228
109	0.998255182626	176	1271	1401	1525	2373	3746	4373	4832	5162	6155	6252	6357	6543	6704	7106	7163	7627	8220	8396	8418	8458	8530	9291	10745	10862	11681	11972	12036	12327	13896	14081	14255	14866	14954	15035	15185	15281	15749	16938	17007
110	0.961018192074	226	3079	3186	3761	5145	5870	6268	7143	8856	10503	11635	12161	12165	12472	13555	13871	14301	15108	15356	15738	16247
111	0.972682273304	117	686	2430	3270	3869	4282	4810	5788	6188	6384	6411	6642	8021	8523	9554	9661	9683	9709	9870	10410	10605	10641	11764	12060	12289	12589	13107	14932	15885	16104	16149	16169	16376	17137
112	0.938501621774	2566	5679	13957
113	0.986417289522	138	530	672	675	785	1244	1648	2157	2485	2632	2738	3047	3244	3308	3900	4533	5218	5621	6245	6794	7060	7086	7568	8007	8333	8634	8756	9372	9976	10069	10168	10352	10368	10976	10999	12140	12168	12358	12391	13065	13161	13273	13727	13758	13849	14251	14395	14805	15787	16064	16072	16138	16522	16733	17024	17362
114	0.986855873643	1817	3857	3995	5424	6003	7096	7304	7637	7646	8313	9326	9825	9931	10465	11036	11089	11534	11795	11939	12301	13480	13898	13921	14064	15231	15302	15785	16074	16237	16263	16570	17010
115	0.993014948526	110	272	345	1240	1754	1897	2546	2845	3510	3772	4045	5300	5703	6030	6586	7689	7961	8131	8608	8866	9056	10184	10310	10718	10978	12474	12593	14067	14180	14355	14360	14587	14661	14986	15061	15112	15244	16224	17037	17057	17266
116	0.986120434353	2793	3026	3633	4096	5457	5581	5721	5731	5753	5938	7183	7762	8265	8465	8501	8519	8778	8822	9596	9867	10389	10535	10761	10881	11410	11756	12072	13371	13642	13721	14077	14443	14667	15621	15975	16121	16422	16430	16577	16818	17153	17386
117	0.963868988859	3041	5285	6331	8018	8298	9120	9224	10050	13056	13630	15334	15417	16460	17129
118	0.988693414187	266	893	2056	2318	3326	3852	4266	4718	4727	5851	6616	7007	7063	7787	8117	8686	8809	8963	9646	9924	10566	11127	11277	11857	12073	12402	12602	13089	14341	14766	15127	15502	15947	16582	16767	16865	16994	17233
119	0.976145113524	2030	2750	3222	6534	6535	10061	10154	10579	11572	11604	11622	11643	12109	13412	14209	14502	14660	15887	16030	16092	16797
120	0.989306162742	494	943	1355	1440	2002	2316	2628	3498	3804	6148	6505	7006	7085	7946	8035	8285	8581	9331	9992	10956	12088	12187	12203	12907	13584	13807	13938	14250	15046	15076	15305	15387	16228	16642	16736	16977	17059	17273
121	0.984612184459	895	1166	1526	2174	4496	5205	6193	7034	7863	7889	12227	12308	12530	13443	14600	14631	16726	17279
122	0.994504230715	225	541	1330	2099	2121	2734	3461	3655	4081	5373	5659	5675	5887	6470	6598	7325	7591	7775	8682	9150	9370	9422	9478	9550	9864	10038	11373	11502	12142	12158	12207	12598	13465	14386	14718	16427
123	0.980112819066	1074	1242	10625	11364	13322	13585
124	0.922436891835	2125	9219	13088
125	0.965932872655	3691	5050	5895	6002	6199	13338	16509
126	0.941386969398	944	13530	15761
127	0.979765195318	2672	3144	4298	4784	7668	7972	8708	9549	9974	14481
128	0.96941686645	8411	13688	15182	15593	16009	17372
129	0.961095755183	7508	13205	14713	16281
130	0.980535185446	2354	2885	3921	5513	8526	10141	12254	13771	15425	16054
131	0.980600761529	720	4231	5936	7164	7942	8173	8389	9076	9143	10994	12022	12498	15119
132	0.968825271471	4542	7069	7884	9571	11969	13198	16581
133	0.991807925539	584	1154	2093	4584	4927	5005	6435	6648	6989	7521	13936	14114	14765	15260	16308	16584
134	0.984474686222	2388	3059	3800	6305	9106	9923	9964	10685	11306	13014	13552	13715	13882	14346	16244
135	0.989798335919	200	1623	1755	5001	5258	5489	7149	7890	9316	9498	9933	10306	12170	12743	12747	13978	14183	14227	14610	15009	16841	17151
136	0.983593287266	2140	2245	3435	3863	5329	8258	8897	11540	12542	15221	16190
137	0.926857989	5139	7020	7821	11196	16348
138	0.947240163588	1136	12722	13267
139	0.935948385277	1998	5433	7959	10052	11220
140	0.956762092794	6444	8730	8760
141	0.987909321675	1060	1204	1238	1565	4621	6821	7898	8665	10396	11307	12708
142	0.971413763926	1112	9546	12771	14584	16518
143	0.95896135947	2109	3702	11460	12299	13716	13738	17200
144	0.966937667466	1969	2587	6630	8341	10101	14085	15636	15985
145	0.979085460443	1144	3623	5058	7135	8647	10467	13644	15421	16700
146	0.968654632633	3936	8344	9121	9649	10882	11944	12652	15115	15901	16644
147	0.959056550557	7391	8698	13423
148	0.979530390636	1160	2673	3890	4057	9359	12919	13789	16314
149	0.984103088422	2304	4952	8722	8965	10709	12720	13045	13425	16525	17274
150	0.945304611479	8714	10947	12012	14666	15853
151	0.958334508532	4872	5321	8678
152	0.956343957129	1300	13140	13864	17343
153	0.97661331265	4823	5549	5616	8716	13361
154	0.977098434635	5185	13463	14817
155	0.989739105909	2611	10495	14241	14628	15788	16412	17122
156	0.985490762939	486	810	3445	9196	11401	14804
157	0.926329149626	3122	14694	15821	15929
158	0.984928077845	3070	11343	12863
159	0.988009448597	82	6940	11224	14302	15089
160	0.963382456635	2838	4619	10474	13087
161	0.964568467071	1644	5418	8841	9859	14513	15830
162	0.980956846707	2142	6383	13178	14033
163	0.988871104217	3323	4889	7806	14439	16783
164	0.982376956706	326	5696	12454	16975
165	0.981530813708	1347	2963	11005	17012	17050
166	0.97823438161	2131	3272	8436	12993	15160
167	0.981270624736	671	980	1040	3755	15980
168	0.981728247074	741	8694	11472	12463	16997
169	0.984581159216	1864	9107	11388	15739
170	0.987765477366	2826	3405	4382	5525	5823	6694	13506	16080	16226	16529
171	0.98791425751	3505	9801	11069	11426	12921	14247
172	0.990694542378	1987	2923	4498	12942	15273	16743
173	0.990078973346	1350	1456	5342	6644	8728	12647	16403	16680	16742	17222
174	0.993247214779	976	4689	5064	10894	11937	14194	15732
175	0.994548512199	1632	4230	4912	4913	7928	9991	11767	13439	15757
176	0.984232125229	279	858	1014	1201	1331	1469	1658	2087	2250	2466	2898	2932	4376	4499	6195	6230	6750	7791	7915	8308	8384	8444	9329	9457	10479	11099	11618	12102	12491	13579	13604	15612	15817	16150	17046
177	0.99531934847	305	565	827	973	1157	1610	2112	2145	2479	3741	3893	3945	4001	4198	4239	4468	4899	5440	6421	6824	6922	6958	7276	8125	8132	8645	8732	8958	9749	9791	9811	9958	10021	10701	10877	11452	12185	12280	12796	13328	13343	13348	13653	14368	14518	14636	15808	15945	15969	16132	16947	17009	17329
178	0.983134959808	44	1165	2460	3440	4875	5095	5394	7497	7702	9198	10865	12106	13164	15615	15625	16826	17183	17316
179	0.976511070371	815	2108	3280	3716	4248	4255	4663	8516	10698	12996	13989	14504	14563	16664
180	0.98804047384	698	2552	5595	5711	7722	7789	11623	14501	15373	16371	16474	16835	16908
181	0.991982795092	800	1496	3968	4143	5998	7452	8910	12261	13625	15390	15696	16861
182	0.98259272317	655	1779	2004	11858	12263	12356	14246	15667	16197	16576	16621	16693	17374
183	0.997186010436	475	487	1177	1346	2035	2586	2702	2872	3107	3229	3818	4022	4465	4698	4734	4783	5344	5560	5786	5974	6370	6467	7052	7202	7557	7634	7664	7687	7816	8195	8304	8750	8883	8938	9364	9398	9837	10157	10191	10435	10687	11266	12477	12679	12699	12733	13245	14057	15025	15062	15506	16310	16410	16833	16868	16876
184	0.99827887463	12	1568	1953	3040	3595	3641	5385	5506	6194	6623	7459	7965	8987	9296	9948	10026	10381	11152	11216	11403	11429	13168	13231	13253	13489	14002	14734	14973	15555	16338	16490	16536
185	0.996843534057	90	633	968	1289	1370	1804	2249	3082	3521	3539	3876	4253	4274	5639	5648	5830	6647	7515	8029	8317	8348	9144	9149	9620	9624	10166	10395	11045	11077	11324	11348	11362	11627	11733	11737	11789	12404	12565	12853	13504	13570	13772	13824	13844	14096	14545	14719	14806	14898	15168	15323	15436	15574	15640	15662	15895	16925	16979	17028	17112
186	0.997731702158	199	213	618	661	721	906	917	918	960	1102	1209	1406	1418	1628	1922	2003	2407	2457	2542	2800	2900	2906	2970	2973	3025	3362	3483	3654	3911	4166	4232	4383	4385	4638	4766	4838	4895	4938	5035	5086	5320	5334	5833	6102	6389	6520	6878	8332	8507	8616	9138	9387	9460	9461	9873	10007	10269	11179	11520	11660	11662	12054	12164	12540	12994	13165	13450	13720	14010	14042	14422	14505	14853	14943	15550	15573	15663	15806	15888	16395	16793	17157	17237	17395
187	0.99655224933	3667	3884	5442	7498	7706	7764	10498	11293	11511	13452	14078	16032	16968	17267
188	0.990387110422	502	654	835	848	988	1256	2952	3541	4046	4472	4975	5597	5723	5950	6107	6157	6236	6388	6711	14043	14315	15439	16945	16948
189	0.955939218728	80	135	875	2325	2343	2377	2670	3212	3332	4157	4532	4540	4756	4817	4844	5592	5901	6684	6930	8001	8505	8966	8985	9052	9246	9820	9959	10301	10500	10934	11120	11371	11679	12132	13059	14265	14514	15028	15316	15328	15444	16613	17337	17367
190	0.947580736144	986	2426	4327	5409	5520	6079	6484	8473	8653	11023	11448	11916	12121	12622	14906	15026	16545	16632
191	0.948976166972	2076	2446	4389	4453	6678	8084	8109	9856	10726	11983	14762	16820	17014	17015	17026
192	0.98053236497	587	1089	1574	1697	2047	2340	2464	2471	2754	3195	3333	3616	4225	4352	4510	5451	6204	6374	7531	8857	9217	9271	9391	11286	11299	11328	11440	13970	14122	14708	14896	15140	16147	16389	16521	16598	17360
193	0.95977154139	7688	8395	14885
194	0.986793118037	129	468	846	1622	2011	2039	2696	2869	2985	3484	4338	4456	4714	7425	9166	10032	10178	12162	12376	12845	14928
195	0.988109575518	1044	1756	5593	11270	13393	14160	14905
196	0.977319136934	4854	6432	7050	8402	11101	14094	15645
197	0.990816527993	6803	6868	7951	8680	9530	11313	11544	12253	12755
198	0.997573261881	1522	1950	3224	3733	5450	6028	6565	7835	7851	8172	8509	9064	9975	10628	10949	11531	13911	15289	15754	16475	16856
199	0.998906219151	653	1765	1880	1961	3157	3191	3470	4323	4380	5486	5798	6023	6403	6732	7094	7138	7212	7649	8112	8191	8252	8255	9212	9284	10443	11637	11915	12108	12727	12762	12941	13049	13544	13671	14441	15383	15544	15602	16893	17020
200	0.92980538711	3652	3705	17354
201	0.997043858412	179	328	477	503	1213	1237	1539	1856	2069	2905	2989	3363	3416	3457	3647	3684	4306	4429	4442	4798	5040	6414	6772	7589	7813	8437	8553	9158	10386	10397	10409	10588	10618	10689	10834	11018	11039	11151	12245	12344	13670	13763	14003	14571	14767	14787	15509	16198	16443	16768
202	0.980688901424	10671	12567	15878
203	0.99193414187	834	2484	2897	3110	3354	4771	5160	5364	5860	5903	6189	6424	9819	10749	10833	10955	11469	12078	12381	13304	15354	16364
204	0.997470032435	382	582	1315	1968	2692	4125	4804	4974	5057	5161	6033	6603	6737	7252	8531	8633	9238	9961	10151	10602	10777	10840	10913	12176	12564	12610	13269	13285	13352	13696	13874	13928	14152	14307	14408	15936	16590	17092
205	0.993797701312	472	3325	5046	6726	8943
206	0.994566351713	342	430	9645	10943	16491
207	0.995416584403	4056	4560	5309	8840	9680	9746	9954	11381	16028	16943
208	0.994843393033	4990	6171	8817	9688	10388	11211	15130
209	0.993398039769	1719	3284	15347	15487	16248	17116	17330
210	0.994926808631	2980	4000	4136	4635	4879	8721	9513	10884	13525	15211
211	0.997015583134	6271	7328	7476	7697	7805	8197	9848	10260	10951	11159	13250	13962	14332	15159	16741
212	0.998245240446	481	1132	1954	2224	3352	4543	4607	5888	7155	8932	9080	9971	11378	11395	11787	14750	15007	15697	16470	16992
213	0.996307008885	302	312	581	845	1217	2170	3296	4336	4347	4819	4862	4868	5027	5120	5689	5701	6027	6278	6568	6573	6719	6849	6866	7684	7944	8071	8134	8211	8541	9003	9411	9705	9741	9845	10281	11170	11525	12393	12927	13117	13150	13243	13600	14053	14120	14398	14447	14834	15016	15056	15086	15097	15228	15258	15900	16208	16439	16686	16695	16822	16901	17243
214	0.962561697927	7765	8881	11020	13636
215	0.967629389367	360	1043	8429	10509	11546	14703	15389	16996
216	0.988340149485	372	1081	1378	1679	1761	1937	2369	2508	2522	3094	3217	4032	4113	4377	4659	5164	6104	7226	7994	8135	8201	8321	8905	9309	10366	10422	11144	11739	12337	13318	13954	14066	14176	14463	14609	15699	15928	16209	16399	16791	17236	17241
217	0.980119870258	2045	2767	4684	6799	7831	8115	9044	9074	9517	9676	11493	11651	12266	13028	14298
218	0.957596248766	5072	7847	11168	13145
219	0.973595402623	9434	10158	10776	12085	12896	13722	14349	16713
220	0.987155549288	1055	1359	1621	2990	4219	5613	5661	6954	7219	7864	8016	8137	8585	10131	11731	11895	12083	13526	13982	14278	15416	16018
221	0.960731208574	763	6181	7250	7488	14471	15468
222	0.95263503032	4406	5555	5926	6134	7285	9267	9567	9591	10049	10364	10821	10839	15166	15394	16128
223	0.994983923283	3	219	322	363	417	521	569	766	1071	1115	2129	2503	2650	3001	3221	3426	3582	3808	3973	4006	4156	4245	4417	5181	5289	5338	5391	5588	5817	6554	6638	6854	7247	8079	8094	8759	8836	8947	8980	9049	9274	9286	9858	9968	10108	10690	11192	11344	11602	11855	11880	11976	12326	12383	12514	12585	12655	12660	12991	13661	13930	14318	14331	14455	14770	15296	15415	15715	16178	16187	16254	16495	16839	16959	17017	17055	17207	17272
224	0.993956423636	407	729	1096	1475	1545	1802	1960	2441	2711	4004	4597	5025	5137	5282	5546	6857	7073	7885	7993	8149	8398	8737	8894	9930	10031	10939	12095	12116	12704	12852	12871	13227	13447	13646	13937	14403	14630	14742	15109	15883	16166	16910
225	0.977989000141	232	2199	2260	3252	4070	4725	4736	5997	6352	6407	6898	7045	7363	7748	8892	9128	9181	10017	10053	10414	10513	10936	11447	11680	12019	12064	13034	14169	14380	14601	14688	15426	15457	16538	16993	17073	17125	17353
226	0.944933013679	1449	4284	5018	5133	5964	10857	11774	15022	17253
227	0.955279932309	18	3317	5580	12318	12553	15737
228	0.994043294317	186	1000	1228	1435	2287	2582	2713	2843	3153	4012	4114	4123	4138	4391	4573	4843	5053	5353	5521	5530	5634	6131	6231	6437	6452	6474	6635	6845	7032	7316	7542	7799	8319	8555	8626	8843	8877	9079	9608	9640	9660	9755	10135	11046	11437	11668	11847	12300	12506	12782	13362	13381	14717	14783	14891	15329	15375	15448	15584	15730	15835	15854	15930	15938	16179	16355	16648	16694	16806	16887	17040	17095	17213
229	0.98058242843	273	925	1384	2265	3790	4801	5445	6398	6919	6920	7301	7980	8141	9720	10193	11692	12257	12264	13598	14763	16471
230	0.98522775349	1916	2210	2442	2721	3573	4693	4909	5806	5991	6096	6187	7147	7723	7984	8363	8794	9211	9336	10752	11156	11221	12097	12221	12493	12960	13093	14326	15606	16236
231	0.982847271189	951	2623	2992	3765	4112	5779	7440	7960	8024	10225	10530	13470	13486	14466
232	0.990560569736	526	560	1408	1434	1692	1879	1972	2400	3207	4028	4657	4762	4866	5797	5973	6589	7298	7773	8717	9075	9170	9710	10209	10273	10387	12686	15034	15064	15983	16932
233	0.993865674799	570	578	679	886	2335	4300	4841	5390	5743	6423	6485	7359	8179	8218	8467	9019	9908	11755	13702	13795	14038	14305	15424	15731	15894	16294	16469
234	0.971982089973	156	395	591	3043	3866	5361	9369
235	0.995900084614	126	297	437	459	719	793	799	1183	1382	1454	1981	2365	2613	2981	3032	3189	3211	3357	3509	3598	3731	3798	3931	4205	4418	4550	5030	5221	5349	5538	5751	6233	6306	6442	6526	6620	6774	6811	6921	6999	7105	7277	7368	7427	7699	8167	8182	8874	8876	9095	9236	9268	9350	9576	9742	9833	9835	9841	9888	9960	10010	10176	10212	10521	10619	11287	11775	12137	12285	12415	12532	12599	12619	13033	13116	13265	13692	13815	13977	14110	14407	14523	14759	14815	15195	15197	15359	15601	15661	15866	16133	16214	16280	16589	16631	16802
236	0.995628543224	94	1163	1910	2064	2165	3495	3536	3614	4623	5231	6048	6872	7159	7384	7423	7513	7593	8107	8829	8896	10851	12414	12440	12618	13101	13225	13290	13808	13945	15020	15408	15410	15471	16305	16763	16949
237	0.92613171626	2195	3208	5283	6802	7721	9525	10534	12781
238	0.985471724721	616	1192	1567	3151	3548	4752	5295	5768	6621	6695	7130	8510	9255	10226	10466	10662	11407	11445	11811	11824	12159	12385	12627	13510	16478	16492	16800
239	0.951892539839	1806	2088	5893	6053	7181	7471	7846	11581	11816	12526	17198
240	0.98891905232	147	1107	1131	1193	1210	1506	1745	1978	2000	2146	2244	2356	2588	2762	3105	3443	3560	3786	3984	4043	4522	4795	5077	5664	5729	6394	6449	6593	6724	7186	7288	7645	8424	8923	9179	9213	9441	9631	9922	10159	10308	10494	10841	11048	11624	11884	13038	13177	13833	13884	13927	14058	14752	15167	15351	15843	16110	16484
241	0.973171626005	261	1405	1562	1834	1948	2640	2938	3254	3891	4587	4946	5199	6673	8369	9048	9134	9185	10529	10697	11994	12410	12661	14088	14920	15254	15933	16013	16031	16643	17131
242	0.959524044564	1814	2368	3045	4097	4400	4702	4813	5526	6544	6754	8652	9047	10511	10944	11386	13102	13767	14948	15196	15578	15700	15802	16257	16830	17299	17357
243	0.964601607672	308	2468	2527	2605	4151	4211	4799	9578	9993	10572	12007	12320	12581	14638	15284	15482	16194	16595
244	0.994999929488	69	547	798	915	1051	1372	2135	2603	2792	3279	3707	3842	3910	4079	4241	4384	4851	4998	5191	5415	5429	5669	6488	6661	6853	7715	7866	7940	8705	9109	9325	9485	9522	9582	9671	9789	10169	10433	10747	10920	11245	11290	11935	12057	12403	13132	13139	13151	13316	13487	13513	13768	14444	14554	15053	15157	15206	15557	15919	16321	16445	17099
245	0.980306021718	722	1058	6418	7352	8014	8078	8121	9375	9877	11242	13495	14467	14524	15313	16859
246	0.924383020731	2953	4365	6910	9473	10586	11451	11746	13272	14756	15982	16409
247	0.947510929347	4850	4883	6355	6918	9653	13947	14029	14813	15058	17081
248	0.968515724157	169	1694	6436	8129	12851	13523	15395	16503	16913
249	0.99743562262	55	131	1063	1147	1327	1445	1510	1541	2186	2232	2266	2346	2380	2447	2648	2796	2837	2956	3084	3540	4179	4492	4669	4706	5365	5556	6234	6343	6533	6549	6580	6779	7044	7112	7347	7604	8039	8168	8207	8975	9094	9692	9778	9925	10400	10874	10967	11282	11397	11481	11807	12345	12349	12915	13147	13401	13498	13577	13633	14044	14126	14228	14437	14515	14576	14598	14748	14800	14894	15017	15110	15531	15610	15741	16291	16295	17045	17149	17286	17335
250	0.994827316316	33	1227	2227	2723	2821	3531	3940	4493	5566	5611	5670	6550	9269	11577	12417	12992	13157	13866	14710	15194	15209	15348	16810
251	0.996139613595	1527	1964	2742	2815	3063	3112	3176	3987	4292	4419	4578	4982	5211	5274	5444	5790	5962	6528	6556	7093	7201	7386	7392	7443	7543	7598	7761	8692	8970	9129	9240	9529	9625	9740	10374	10559	11184	11190	11268	11377	11970	12210	12759	13174	13314	13427	13959	14303	14436	14700	14702	15141	15729	16418	16423	16939
252	0.973714567762	36	424	542	975	989	1010	1222	1921	1929	2336	2486	2599	2703	3277	3721	4016	4285	4314	4342	4368	4919	4921	5423	6377	6583	6973	10664	12152	12728	14046	14376	14782	15420	16498
253	0.955430122691	384	2158	3491	3732	5275	7369	7607	7963	8235	8594	9187	10078	14409
254	0.986653504442	234	539	552	796	1005	1035	2075	2113	2752	3020	3099	3198	3261	5242	5855	7833	9251	9475	9767	9823	9989	11659	12211	14062	15583	16055	16345	16898
255	0.985857424905	1962	3049	4366	9444	13094	16328	16970	17163
256	0.97997461571	9866	13017	15358
257	0.997767028628	78	309	394	2236	2355	3565	4672	4742	5627	5876	5924	6169	6478	8307	8487	8906	10103	10960	11113	11263	11599	12177	12823	12949	12971	13378	13482	13505	14944	16909	17305
258	0.977977718234	3712	4160	8727
259	0.98116556198	2459	4286	6831	7125	8826	13311	13389	15923
260	0.983527711183	916	2889	7279	11074	11886	13531	15707
261	0.99298674376	1168	2271	2372	4716	6113	7161	7319	7793	9388	10250	11567	12629	13481	13669	15619	16639	16885
262	0.993291425751	3649	5462	5475	5631	8023	9690	15463	16411
263	0.997375899027	340	862	1007	1320	1487	1714	1915	1934	2458	3182	3493	3519	3895	4254	4361	4548	5298	5816	5857	6112	6208	6358	6760	7211	7780	7895	8554	8642	8832	8973	9069	10118	10146	10600	10750	11028	11995	12504	12948	13020	15367	15534	15679	16114	16119	16145	16453	16497	16555	16603
264	0.994158017205	337	402	498	990	1520	2840	2984	3233	3520	3532	3679	4083	4178	4197	4763	5375	5992	6216	6632	6859	6949	7189	7349	7463	8350	8512	9068	9405	10383	10870	11296	11532	11820	11997	13611	13952	14639	14774	14812	14818	14985	15668	16316
265	0.997170286278	57	750	954	1276	1335	2687	2844	3455	3935	4192	4567	5710	6086	6987	7396	7618	7899	8393	9017	9507	9579	10027	10329	10643	10707	10757	10935	12609	12839	12964	12987	13136	13358	14024	14037	14468	15767	16048	16278	16485	16942
266	0.974452122409	8226	13060	13742
267	0.980621209984	792	5180	5940	5985	7397	8038	8337	8569	8586	8880	9990	11353	13055	13612	15133	15568	15846
268	0.990897616697	899	978	1012	1162	1225	1299	1827	2081	2515	2530	2571	2799	2976	3566	3814	4094	4674	4906	4915	5099	5179	5647	6016	6168	6179	6198	6552	6608	7302	7766	7807	7941	8056	8072	8262	8584	9249	10424	10436	11147	11370	11432	11808	11938	12592	12700	12773	13010	13047	13703	14684	15906	16047	16944
269	0.994219080525	31	933	1332	1461	1660	1912	2743	2934	3033	3243	3361	3862	4477	5078	5508	5541	5889	6610	7056	7337	7523	7628	7781	8090	8300	8596	8823	9430	9780	9834	10077	10506	10528	10668	10868	11479	13455	13677	14789	15517	15660	15803	16034	16215	16597	16757	16838	16988
270	0.965314483148	4270	4878	5325	5822	7465	7610	7985	8679	9332	10603	10737	11199	11614	11862	12292	13748	13793
271	0.995943096883	9	123	174	462	634	724	866	1013	1164	1232	1581	1598	1808	1943	1955	2714	2854	3086	3145	3183	3242	3290	3339	3507	3791	3885	4127	4210	4322	4337	5360	5764	5908	6167	6226	6254	6290	6422	6481	6518	6584	6721	6933	7066	7146	7197	7422	7696	8165	8176	8268	8931	9034	9093	9438	9476	10033	10546	10819	10917	11363	11830	11901	11973	12133	12192	12212	12780	12806	13242	13654	13860	13995	14004	14154	14172	14181	14558	14592	14889	15283	15538	15904	15951	16467	16580	16586	16647	16914	17013	17076
272	0.990248907065	408	832	1629	2348	3754	4118	4186	4703	5038	5477	5885	5978	6108	6123	6341	7394	7552	7922	8637	9831	11155	11326	11658	12768	13024	13144	13196	14030	14073	14822	15702	17047
273	0.980114229305	248	313	713	2488	2667	2925	3572	3589	3645	7554	8091	9499	9614	10064	11564	11753	13160	13199	13431	13816	13878	17138	17193
