1	0.986245905026	256	568	825	840	881	1143	1184	1277	1419	1506	1552	1579	1676	2062	2221	2276	2353	2495	2621	2627	3129	3271	3326	3371	3417	3949	4760	4768	4791	4800	4824	4855	4865	5116	5163	5263	5756	5884	6199	6215	6286	6361	6890	7362	7397	7399	7524	7723	7912	7949	8181	8298	8467	8508	8586	8697	8762	8788	8797	8804	8856	8944	9172	9341	9604	9608	9642	9773	9781	9912	10214	10357	10505	10527	10579	10745	10766	10836	10996	11124	11189	11229	11299	11573	11700	11910	11930	11987	12033	12234	12333	12377
2	0.994317504353	24	137	808	1215	1480	1716	1769	1817	2121	2403	2470	2926	3074	3080	3468	4026	4049	4276	4280	4359	4584	5289	5459	5672	5744	5769	6003	6011	6776	6860	6864	6995	7000	7209	7643	7661	7668	7706	7881	8339	8439	8852	9230	9472	9681	9759	10207	10287	10639	10800	11271	11321	11688	11788	11947	12017	12137	12262	12273	12366	12417
3	0.988677950595	192	771	1093	1294	1445	1525	3027	3486	3926	4025	4373	4888	4976	5009	5972	6103	6293	6409	6485	6521	6879	8069	8078	8083	8103	8594	8816	9026	9435	10300	10420	11609	11937
4	0.992556296668	25	175	530	762	976	1031	1178	1189	1237	1545	1673	1878	1890	1927	1954	2520	2541	2561	2586	2668	2729	2942	2998	3005	3136	3155	3278	3392	3502	3510	3692	3737	3746	4134	4396	4427	4511	4516	4676	4682	4867	4991	5141	5166	5312	5320	5492	5511	5514	5548	5666	5864	6013	6049	6104	6132	6141	6151	6246	6643	7112	7120	7146	7389	7409	7437	7534	7568	7677	7735	7938	8133	8266	8304	8361	8712	9158	9181	9362	9602	9696	9747	10140	10507	10571	10690	10894	11234	11593	11759	11914	11940	12007	12012
5	0.99043871558	598	941	1045	1223	1321	1413	1758	2932	2986	3078	3638	3678	3696	3811	4055	4288	4389	4880	5595	6175	6497	6500	7074	8012	8110	9525	10131	10136	10172	11042	11094
6	0.950919340082	265	327	830	842	942	1169	1796	2137	2183	2201	3186	3482	3592	3930	4702	4967	4971	5037	5227	5333	5616	6540	7550	8247	10624	10683	12398
7	0.994965469409	118	221	237	267	363	418	576	774	984	1780	2326	2484	2641	3026	3052	3229	3393	3466	3713	3734	3851	4005	4263	4301	4341	4626	4703	5050	5057	5168	5174	5182	5428	5465	5474	5508	5896	6153	6604	6655	6661	6920	7225	7240	7337	7463	7512	7573	7741	7758	7763	8132	8206	8236	8532	8633	8703	8729	8742	9136	9234	9303	9501	9578	9758	10031	10110	10196	10197	10266	10427	11180	11306	11403	11523	11541	11898	12418
8	0.996852698994	1329	1798	2154	2302	2308	2371	2640	3391	3568	3650	3682	5119	5142	5641	6375	6969	7041	7214	7695	7831	7961	9590	9831	9890	10460	10660	10830	10995	11256	11380	11557	11622	12303
9	0.991556090075	290	427	727	834	1025	1255	1421	1621	1776	1865	2268	2455	2632	2755	2890	3067	3083	3102	3199	3210	3287	3570	3620	3635	3687	4062	4251	4356	4411	4664	4766	5079	5392	5423	5490	5507	5623	5656	6437	6496	6519	6763	6815	6846	6866	6934	7269	7312	7438	7507	7544	8086	8392	8564	8754	8767	9571	9855	9938	9977	9990	10067	10086	10363	10618	11479	11613	11616	11651	11749	12126	12145	12236	12326
10	0.996951125933	35	62	286	328	398	572	915	1059	1111	1348	1395	1644	1749	1856	2021	2270	2297	2708	2840	2877	2914	2938	3048	3062	3128	3409	3533	3607	3634	3646	3661	3774	3985	4065	4197	4274	4388	4499	4579	4844	5686	5774	5819	5892	5936	6075	6139	6224	6473	6855	7145	7316	7372	7388	7490	7751	8039	8136	8546	8733	9052	9106	9118	9454	9540	9644	9786	10042	10043	10146	10201	10231	10236	10248	10451	10515	10584	10645	10684	10843	11000	11146	11269	11300	11529	11792	11834	11848	11857	11992	12002	12253	12298	12382
11	0.980808960246	107	232	690	924	1283	1361	1546	1754	2569	2686	2819	3975	3981	4023	4039	4204	4492	4627	4659	4743	5016	5022	5341	5645	6063	7333	7676	7773	7930	8059	8072	8555	8665	8717	8990	8997	9005	9533	9638	9669	9702	9843	9863	10091	10144	10500	10729	10756	10786	10790	10928	11048	11054	11184	11340	11361	11561	11674	11712	11828	11950	12086	12184	12339
12	0.996968243662	1047	1157	1305	1400	1755	2059	2285	2301	2391	3003	3057	3193	3242	3504	3998	4060	4088	4336	5308	5497	5806	6111	6951	7640	7660	7776	7796	8149	8178	8550	8669	8671	8684	8732	8897	9014	9339	9816	9960	10678	10787	10926	10971	11173	11176	11274	11433	11641	12241
13	0.956016291356	821	838	953	1497	2080	5135	5646	6313	7148	7518	8676	10564	11551
14	0.986858454092	1040	1301	1554	1793	2046	2092	2538	3044	3137	3286	3619	4192	4922	4939	5046	6012	6395	6445	6991	7448	7493	7714	8778	9625	9667	9764	10028	10117	10269	10324	10785	12096
15	0.985739013665	21	477	676	863	1115	1207	1686	1757	1945	1958	1999	2459	2706	2944	2955	3158	3459	3555	3671	3736	3943	4185	4266	4371	4524	4987	5229	5419	5424	5447	5667	5924	6201	6857	7166	7430	7743	7858	8101	8174	8255	8305	8460	8521	8662	9011	9241	9543	9674	9856	9901	9909	10529	10542	10696	10771	10953	10955	11044	11070	11130	11350	11354	11490	11692	11814	11897	12260	12396
16	0.901897706815	86	309	1425	3652	4064	4228	4255	4688	5760	6356	7325	7659	8318	8365	9876	10047	10478
17	0.999261296225	145	164	241	911	1026	1027	1293	1618	1775	1819	2030	2166	2361	2388	2556	2666	2880	3820	3954	3959	4074	4090	4104	4159	4394	4490	4726	4789	5574	5622	5644	5740	5891	6001	6378	6477	6670	6714	6884	6913	7026	7067	7203	7302	7405	7789	7864	7879	7946	8345	8770	8911	9495	9808	9817	10168	10174	10392	10434	10526	10922	11392	11461	11723	11846	12019	12168	12216	12276
18	0.832452852463	173	432	2101	2269	2607	5007	6204	6676	7510	7724	8878	9077	9975	10099	10544	11847
19	0.892190774135	2798	3284	4506	5271	6644	9128	9731	9984	10093	10326	10558
20	0.985910781218	16	90	370	437	643	688	817	1151	1446	1589	1658	1727	1734	1826	1834	1911	2056	2188	2481	2611	2764	2776	2957	3015	3265	3379	3428	3492	3649	3809	4435	4741	4742	4831	5279	5415	5421	5685	5768	5805	5977	6178	6266	6275	6300	6322	6330	6985	7011	7445	7517	7593	8131	8303	8322	8409	8449	8620	8635	8780	8827	8972	9112	9233	9262	9292	9313	9350	9485	9796	9905	9956	10336	10705	10755	10828	10997	11101	11424	11457	11506	11515	11632	11744	11796	12275
21	0.993743175044	63	89	276	594	627	947	1163	1438	1466	1811	1986	2102	2132	2324	2385	2635	2752	2797	2868	3087	3355	3437	3457	3528	3529	3711	3829	3884	3982	4115	4189	4333	4927	5317	5576	6093	6147	6209	6308	6459	6557	6596	6775	6806	6828	6882	6930	7287	7526	8060	8366	8389	8396	8485	8777	8853	9047	9129	9149	9677	10032	10425	10604	10681	10763	10975	11081	11089	11092	11131	11241	11262	11272	11279	12295	12397
22	0.996688457338	112	180	249	431	972	1080	1649	1762	1783	2360	2545	2630	2673	2704	2893	2937	3018	3556	4129	4586	4873	5190	5393	5473	5916	6216	6236	6964	7234	7236	7489	7497	7522	7582	7823	8170	8559	8793	9277	9340	9535	9621	9761	9857	9911	10444	12362	12365	12394
23	0.986309948942	966	2022	2264	2313	2608	3016	3325	3526	4034	4089	4137	4605	4654	4701	5391	5404	5986	6070	6271	6580	7076	7396	7775	8362	8667	9664	9791	10356	10457	10668	10808	11302	11371	11527	11869	12369
24	0.995354012337	176	310	365	410	506	661	734	795	1100	1611	1664	1981	2061	2237	2357	2449	2468	2788	2847	2853	3023	3268	3718	3751	4073	4242	4446	4608	4711	4714	4730	4777	4945	4963	4993	5099	5755	5926	6112	6291	6720	6737	6742	6807	7023	7103	7277	7295	7298	7374	7734	7908	8010	8433	8479	9063	9194	9365	9382	9388	9558	9573	9585	9833	9944	10264	10377	10395	10463	10590	10687	10777	10809	10873	10963	11076	11214	11247	11348	11370	11605	11751	11824	11931	12229	12233	12387
25	0.987909718738	142	434	509	1077	1088	1200	1316	1539	1647	1751	1980	1988	2524	2894	3066	3113	3525	3705	3836	3852	3858	3948	4372	4685	4746	4932	5205	5454	6029	6034	6062	6080	6203	6623	6639	6853	7033	7259	7797	7846	7975	8008	8142	8150	8200	8419	8569	8752	8840	8891	8998	9420	9733	10126	10521	10719	10908	11056	11091	11554	11862	12003	12035	12114
26	0.99112106366	108	728	1050	1665	3185	4079	5028	5498	6366	6626	6650	7020	7079	7614	7783	7803	8499	9025	9657	11088
27	0.967336127261	22	1226	1828	2013	2421	2485	2544	2826	6718	7401	7519	7990	8115	8382	8542	8653	8682	9859	10167	11525	11626	11776	12209
28	0.990147566626	844	1106	1134	1767	2191	2266	2859	2930	3041	3328	3416	3527	4979	5061	5579	5821	5906	5933	6373	6428	6541	7222	7285	7336	7402	7506	7574	8500	8551	8857	8928	9364	10961	11051	12188
29	0.992846412655	1044	1405	1544	2291	2620	3802	3915	5347	5866	6680	8567	8923	9694	11035	11216	11722	12182	12217
30	0.99063247056	478	856	2162	2962	3639	3817	4046	5652	6340	6706	6956	7439	7586	7833	8096	9035	9645	11071	11240	11590	11953
31	0.988591476552	824	882	1094	2511	2925	3513	3729	4282	4298	4311	4588	4823	4995	5097	5199	5293	5662	5859	5959	6329	6871	7051	7376	7482	7554	8013	8053	8238	8647	8715	8800	10084	10138	10601	10807	10833	10986	11566	11970	12169	12383
32	0.956584422867	18	644	847	2001	2453	3509	4035	5105	5441	6212	6421	8570	8687	8755	9248	9605	10276	10627	10815	12164	12278	12356
33	0.980223120739	216	442	557	2643	3253	4183	4491	5138	6489	6994	7036	8111	8581	9246	9814
34	0.998601673406	26	507	831	869	1086	1460	1607	1622	1744	1947	1975	2005	2173	2260	2771	2982	2987	3049	3221	3522	3904	4340	4445	4529	4992	5200	5406	5471	5968	6250	6481	6614	6987	7095	7238	7444	7704	7820	7956	8087	8553	8606	8639	8679	8781	8877	8948	9091	9290	9866	9875	10467	10677	10909	10910	11036	11086	11192	11662	11916	12014	12018	12081	12293
35	0.814066050822	122	1324	2743	3415	5554	6506	7924	11476	12194
36	0.956345364932	514	588	807	1353	1458	2026	2219	2246	2332	2379	3030	3550	3557	4054	4157	4181	4365	4635	5114	5127	5443	5997	6483	7729	8128	8571	8582	10183	10383	10704	11047	11217	11343	11596	11811	11886
37	0.999411607591	51	342	720	738	805	906	1287	1436	1681	1713	2074	2238	2272	2321	2557	2603	2605	2742	2758	3347	3378	3477	3517	3580	3630	3878	3914	3941	3999	4058	4504	4567	4848	5081	5176	5337	5396	5547	5928	6262	6278	6314	6478	6538	6574	6601	6668	6863	7118	7244	7385	7425	7427	7537	7620	7705	7827	7947	8003	8244	8364	8616	8659	9053	9073	9243	9329	9530	9619	9640	9792	9862	10026	10340	10394	10538	10882	10936	11039	11139	11337	11577	11618	11623	11827	11986	12032	12036	12064	12210	12240	12267	12270	12284	12331
38	0.938795266063	4179	4555	5894	9458	11289	11777
39	0.956070891007	1247	4132	5487	5671	7016	8321	9150	11902
40	0.938920697695	1278	7328	7513	8246	8879	9860
41	0.964722722309	2038	2807	2902	6608	9504
42	0.954943481982	570	3551	5245	11852
43	0.898310362129	2514	4182	8690	8873	9768	10317	10861	11955
44	0.874546232624	9376	10426	11498
45	0.986583980167	393	2483	2899	3726	4474	4902	6767	6997	7245	7381	7547	8024	9003	9092	9111	9216	9394	9688	10148	10770	11492	12395
46	0.962022253047	49	6463	8487	9330	9432
47	0.920423221084	55	2312	3103	6542	9470
48	0.97709913526	653	1844	2182	2393	2642	3554	4324	4425	5975	6035	6041	6752	7009	8414	9002	9687	9819	9902	9915	9948	11317	11395	11441	12186
49	0.932967859989	3346	6245	7248	9291	11384	11499
50	0.912981436118	2884	4455	8750	10213	10382	12024
51	0.961594309831	1772	2168	4904	7436	8107	8565	9748	11277
52	0.944473629844	1457	3112	3377	5910	7108	7576	8066	8300	8338	9542	9675	10008	11203
53	0.912141782015	2377	3822	4521	4780	6036
54	0.970308119116	47	2492	2685	3092	3748	4442	5927	6895	7352	9044	9255	9463	10509	10578	11310	11513
55	0.967172328306	435	1866	2652	2773	4520	8830	9449	10893	11512	12226
56	0.975520172358	1532	1654	1698	2918	3173	7843
57	0.922114334622	1462	5005	5388	7771	8186	9042
58	0.963847652215	394	1052	1061	2352	2827	3181	3855	4885	5220	6758	7612	7703	9202	11116	11526
59	0.947863235251	479	4253	7496	9821
60	0.957372428652	6191	6833	7169	8330	9580	9609	9725
61	0.974743971903	1008	1849	2079	2138	3763	4684	6126	7188	7592	8899	9794	9903	9980	10349	10964
62	0.97604846088	493	1131	2949	3069	3396	3505	5946	8416
63	0.925906796919	1318	5063	7562	7816	10407
64	0.988696248856	1631	1710	6917
65	0.971828055367	400	2591	4940	5156	5617	6114	6294	7097	8023	9256	10347	11145	11206
66	0.979272791665	1643	2418	2486	2810	4469	6948	9072	10918	11152	11753	12027
67	0.930887170558	5608	9108	11185	11344	12151
68	0.963465454653	2583	2633	3654	4110	5676	6127	6564	11364
69	0.949383171502	4424	5879	8452	8556	10006	10999	11062	11533	11731
70	0.929494141605	485	1485	6364	7346	8175	9995
71	0.902299088038	1474	4409	7419	8813
72	0.985202018711	1194	1243	1567	1766	2035	2727	3478	4198	5310	5794	7205	8202	8658	8874	9370
73	0.965649440722	1252	2317	4835	5209	6064	6475	8728	9477	10573	10663	12170	12360
74	0.974659858926	80	735	973	2782	3248	4337	6494	8673
75	0.957695599563	1214	4877	10198	10545	10921
76	0.975545258684	857	2600	6206	10275	12255
77	0.946650237582	3421	7934	9461	10468	11142	11856
78	0.985478411003	111	147	768	2796	3564	4252	4440	4629	7324	8349	8995	9174	9993	10686	11351	12219
79	0.945350175604	3750	4199	4716	7290	7322	7558	9767	9994	11187	11425
80	0.947371838385	19	759	3584	5027	7525	9881
81	0.976874833988	181	937	1418	1580	3218	4405	4734	6545	8475	8927	9613	10757
82	0.984946728448	68	1375	2795	2808	4267	4355	6059	7321	7371	7624	8888	9575	10914	11353
83	0.994668417791	2053	3250	6350	6970	7691	9670	10162	11050
84	0.985439748546	852	1833	2172	2209	3019	3917	4585	4662	5101	7891	8207	8387	10010	10431
85	0.99409718738	1892	3442	4881	5185	6398	6447	7909	7920	8054	8225	8524	8806	9264	11150	12181	12306
86	0.864321341086	2245	3401	3725	4238	7875	9809	10605
87	0.907736918219	3341	4180	4692	4738	8893
88	0.935910338518	1056	2445	3120	3833	3875	4383	4801	4827	6795	7226	7998	9939
89	0.937135141516	4633	6302	7256	10902
90	0.86846206062	3310	6666	6924	11090
91	0.878140955641	1005	1377	2735	6727	11660
92	0.904441755453	8371	9033	9806	10959	12224
93	0.892797272969	1302	1399	2671	4048	5643	6231	6441	7860
94	0.949619278104	1995	2149	6188	8642	9769	10881	12130
95	0.928292949267	421	968	2845	3068	4332	4863	5917	7320	9071	9510	9633	9680	10341	10647
96	0.924283564029	5426	5890	8014	10700	10721	10789
97	0.869691290618	714	1452	3856	5349	11812	12297
98	0.979042587728	135	248	2263	2916	3881	3920	3935	4344	4349	4602	5025	5111	5612	5810	6082	6837	7485	8491	10100	10335	10827	11338	11388	11496
99	0.912047339374	2200	5876	6999	7109	9015	11063	11548
100	0.91202520438	3024	3333	5121	6950	8346	8916	10307	12345
101	0.830283623056	2239	6382	6572	10993
102	0.966422689844	391	2234	2906	4105	7230	7543	8471	11098	11709	12059
103	0.938060384263	6757	10230	10265
104	0.875670690317	7462	7619	9937
105	0.988547944397	298	1209	1310	1576	1646	1898	2329	2356	2424	2474	3010	3991	5055	5286	5409	7785	8190	8280
106	0.959267184134	240	343	1715	1852	2615	3462	3952	4052	4072	4190	4213	5247	5389	5413	5982	6223	7641	8162	8216	8222	8942	10035	10333	11619	12218	12266
107	0.871674586076	6627	7149	7570	7768	7903	10012	10824	11866
108	0.966543694478	5158	5354	6019	6097	7090	7488	7549	7581	7874	8424	10019	10609
109	0.967927869433	7252	11612	12085
110	0.960167340554	6348	6802	7850	8228	8383	8397	9237	10202	11118	11149	12242
111	0.993448632057	48	56	556	841	1242	1362	1475	2231	2509	2933	2953	3591	3628	5591	5786	6030	6116	6260	7233	7465	7958	8775	8814	10165	10211	10339	11014	12118
112	0.918606675914	743	4462	11095	12134
113	0.93314493994	648	2185	2584	4522	4946	5717	6086	6713	7584	8331	8489	9988
114	0.961226868931	916	1172	5456	7840
115	0.97377003217	2196	2870	6220	12340
116	0.958296195732	1279	3244	4413	7866	9562	9891	11518
117	0.990299855385	224	473	561	563	615	994	1364	1437	1572	1843	2881	2922	2935	2968	3047	3164	3246	3677	4155	4699	4763	4795	4837	5381	6117	6891	7260	7412	7926	8155	8196	8226	8405	8415	8423	8824	9381	9398	9749	9871	9957	10083	10842	10890	10988	11058	11193	11417	11615	11646	11655	11705	11725	12154	12337
118	0.965665673051	773	2036	5961	6641	6721	7852	8480
119	0.969983472538	3200	4832	5152	6556	8212	8901	10929	11225
120	0.95273293392	417	3932	7124	7428	7730	9300	10299
121	0.927732196087	1335	3446	6622	10552
122	0.979094236048	2054	2161	2875	7080	7096	8025	8267	8576	8621	8743	8838	8866	8892	9265	9637	9656	10029	10503	11132	11407
123	0.968918041496	699	854	1147	1795	1889	2439	2654	2811	3483	3600	4106	4707	5561	6272	6345	7821	7941	8533	8985	9124	11345	11647	11697	11797	12092
124	0.96741581324	93	494	702	990	1411	3738	4233	4392	5103	6689	7186	9258	9924	11397	11534
125	0.995465720273	208	652	1018	1463	1923	2108	2526	2959	3020	3051	3406	3454	3472	3676	3871	4177	4381	5397	5472	5696	6883	7165	7859	7905	8184	8967	9189	9921	10716	10754	10781	10913	10950	11540	11638	11969	11983	12289
126	0.944690552785	1918	2660	3709	7678	9529
127	0.898636484373	681	1079	4478
128	0.902539621639	823	1083	1258	1596	2032	10450
129	0.937661954372	1944	2187	2311	4733	7787	10163	10692
130	0.870970693268	2295	3606	5196
131	0.96395242452	754	890	1042	1730	1868	2127	3123	3410	4481	5814	6335	7742	8234	8641	10097	10724	11601	11664	11754	12094	12332
132	0.911800903108	7134	8139	9632
133	0.944969453708	1629	1784	5674	6492	8786	9178	10107	10398	10621	12344
134	0.93254877077	8232	8535	8847
135	0.972086296963	4653	5414	10054	10109	10330	11236
136	0.901704394534	3770	8029	10419	12152
137	0.909188973822	4408	4493	4747
138	0.859709884013	2726	5544	6523	8152	8333	8921	9793	10900	11003
139	0.951212997668	5703	6325	6363	8290	9238	9263	9475	11473	11900
140	0.950053123985	457	2917	5032	5218	7390	7460	9710	10803
141	0.928617595845	6007	9468	10098	11880
142	0.95887760824	3073	9024	9484
143	0.983239382581	758	1623	2426	3168	3363	5520	6040	6182	7921	9576	9923	10216	10715	12070	12178	12355
144	0.963077354426	606	3611	5132	6606	6657	6810	7046	9707	10857	11315
145	0.971813298704	2831	3699	5690	7973	8536
146	0.828999793407	9023	9323	12051
147	0.985026414426	250	559	666	1603	1774	2116	2279	2341	2399	2724	2924	3060	3449	3547	3688	3794	3883	3989	4068	4303	4315	4448	4668	4753	5336	5604	5664	5699	5789	5958	5983	6401	6887	7268	7360	7565	7770	8068	8461	8539	8601	8706	8768	8890	8909	9419	9662	9999	11082	11462	11621	11727
148	0.892072720833	3923	6137	8745	9453
149	0.833869492076	280	3452	3876
150	0.99934126258	167	254	663	1101	1167	1195	1304	1315	1338	1439	1543	1558	1560	1763	1842	1967	2131	2141	2296	2315	2327	2479	2576	2691	2732	3145	4145	4307	4363	4395	4428	4615	4839	4928	5067	5206	5240	5288	5297	5324	5493	5811	5845	6243	6276	6370	6406	6413	6458	6461	6470	6858	6908	7141	7378	8118	8250	8404	8510	8945	9030	9448	9561	9734	10024	10462	10667	10916	11033	11111	11147	11368	11374	11789	11965	11977	12053	12108	12159	12311
151	0.879510373934	5716	8746	9920	12207
152	0.969331228049	879	1821	1970	2786	2832	3605	4250	4598	4887	6418	6465	6543	7012	7150	8044	8260	8274	8913	9055	9682	10007	10951	11108	11687	11993
153	0.947579907328	4840	6925	7029	7220	8428	9008	10906
154	0.906246495293	1248	4765	5124	6267	7138	11239	11691
155	0.909321783785	5523	5549	9489
156	0.98674482779	42	75	172	230	251	319	496	729	764	996	1036	1179	1356	1512	1728	2212	2294	2306	2322	2373	2413	2862	2915	3000	3184	3202	3206	3277	3362	3366	3523	3631	3834	3837	3933	4139	4188	4256	4811	4917	5011	5160	5250	5457	5528	5651	5714	5944	6121	6425	6548	6938	7017	7161	7344	7426	7561	7673	7675	7687	7713	8100	8376	8568	8656	8796	8820	8943	9135	9211	9232	9310	9358	9778	9887	9982	10048	10177	10272	10301	10323	10348	10568	10606	10642	10864	10867	10874	10952	11002	11357	11446	11469	11538	11584	11932	12104	12221	12416
157	0.991840450964	785	871	1737	1938	2380	3970	4030	5012	5264	5718	5956	5988	7542	7999	8443	8595	10522	10726	10974	12408
158	0.995176342118	532	700	798	883	1063	1174	1738	1770	1875	1896	1953	2109	2198	2546	3022	3179	3463	3670	3814	3865	4086	4094	4174	4488	4531	5212	5241	5268	5327	5351	5412	5543	5619	5919	5942	6021	6038	6125	6200	6396	6613	6851	7116	7652	7857	7882	7918	8187	8390	8955	9260	9287	9379	9703	10536	11211	11365	11483	11699	12220
159	0.986404834283	125	187	211	334	529	723	963	978	1049	1072	1137	1139	1175	1203	1334	1498	1670	1746	1825	1862	1899	2119	2364	2374	2595	2722	3448	3543	3667	3951	3966	4078	4258	4376	4535	4540	4591	4761	5117	5150	5302	5368	5661	5722	5887	6193	6238	6268	6351	6368	6578	6584	6724	6906	7038	7281	7429	7824	8052	8182	8357	8607	8608	8694	8848	8863	9244	9319	9513	10192	10297	10308	10316	10470	10899	10956	10992	11020	11066	11291	11504	11693	12256
160	0.987727178821	113	402	920	1352	1831	2228	2739	2751	3495	4014	4261	4834	5070	6843	7387	7988	8618	9439	9478	9952	10156	10379	11059
161	0.988712481185	20	171	1585	5033	5284	9222	9610	10033
162	0.997047634507	1456	2454	2900	4003	5998	6066	8119	10510	10665	10939	11355	11454
163	0.959429507423	2757	3418	4525	9538
164	0.863106867751	2181	5384	8192	11787
165	0.88062155063	508	3535	4404	5568	5871	7047	11105	11890
166	0.963555470295	904	3254	8597
167	0.91168137414	3801	4010	4318	9511
168	0.876960422631	1536	1765	3097	4419	5728	7083	9286	11223	11936
169	0.914539739692	786	3231	4914	8738	10112
170	0.963342974353	1786	2145	4212	4241	5402	5596	5609	5778	6966	7104	7769	8558	9820
171	0.979044063395	756	1836	2336	2448	3403	5107	5246	5570	6524	6617	6889	7727	9201	10186	11763
172	0.863751733908	2257	3609	4571	4828	6233	7308	11067	11178	11210
173	0.904136292536	39	2427	3042	3122	4655	4796	4925	5339	6053	7404	8513	9143	9550	10614	10622	11008	12160	12301
174	0.886628987988	146	7739	10285	11307
175	0.938649175103	281	546	895	1015	1915	2458	2606	2707	2974	2976	3029	3274	3352	4271	4367	4890	4942	5449	5629	5741	6996	7010	7043	9227	9239	9452	10367	10637	10643
176	0.890546881917	2562	3447	5963	9572	10227
177	0.88910810731	584	1648	1978	2250	3085	3701	4148	5340	6074	6353	6759	8183	9317	10406	10523	11555
178	0.892593631024	218	1815	5118	6827	7424	11138
179	0.886407638049	1503	5275	5772	7955
180	0.982753888381	603	749	1383	1514	1635	1645	1955	2158	2897	3450	4008	4313	4489	5109	5307	5519	5598	5605	5785	6228	6466	6562	6801	7014	7618	7810	8040	8138	8197	8326	8402	8468	8522	8693	9123	9490	9899	10088	10282	10442	10597	10629	10672	10944	11016	11040	11136	11244	11781	12214
181	0.964308060089	116	757	874	936	1112	1152	1634	1838	2241	2252	2314	2382	2753	3602	4398	4603	4646	5056	5309	5355	5850	6113	6235	6388	6504	6971	7305	7315	7834	7878	8166	8953	10345	10401	10860	11013	11255	11485	11494	11686	11881	12093	12177	12254	12285
182	0.875558539681	1424	5904	11649
183	0.875529026355	3298	5427	8573
184	0.989308060089	305	577	677	1606	1861	2085	2333	2345	3979	4422	4672	4719	4975	5038	5041	5192	5386	5499	5611	6002	6032	6176	6762	6992	7105	7241	7567	7613	7802	7844	7953	8063	8199	8262	8835	8991	9402	9429	10003	10486	10537	10811	10820	11083	11282	11298	11468	11509	11524	11628	11629	11639	11823	11829	11891	11967	11984	12025	12142	12162	12309
185	0.962203759998	119	120	223	474	867	1250	1651	2536	3258	3338	4095	4191	4581	4950	5653	5670	5878	5880	6594	7452	8102	8123	8664	9090	9926	10189	11230
186	0.812000118053	433	5054	6681	11864
187	0.831582209368	4230	4308	6933	7851
188	0.863893397869	818	982	3520	3942	5051	5374	8117	9927
189	0.974876781867	300	1024	1467	2931	4437	4443	5082	5223	6609	7564	8074	8672	8915	10203	10979	10985	11385
190	0.880519729658	5407	5529	5792	6167	8413	11326	11396	11578
191	0.831124752826	4652	5888	6109
192	0.889606882507	1921	2290	2977	3749	6903	8156	9380	10728
193	0.922214679928	387	548	2419	2846	3373	4083	5506	6358	7836	7906	9869	10179	10327	10897	12129	12316	12357	12379
194	0.949564678452	668	3211	3487	5555	5750	8577	9289
195	0.911135377623	3104	8496	9717	10209	12315
196	0.979131127704	58	349	549	694	763	1342	1885	2113	2613	2813	4712	5723	6077	8370	8902
197	0.90497594664	268	2749	3312	3673	4612	6057	6590	8328	11552
198	0.924276185698	2818	2910	10095	11165
199	0.977506419148	23	554	889	1488	1542	1777	3697	4070	5162	5820	8251	8381	9029	9444	9531	10143	10346	10930	12204
200	0.952741787917	272	1407	1678	1894	4528	5287	5668	6923	10846	11449	11617
201	0.953987250243	1290	1386	2027	3400	3427	3683	5064	5316	5659	6932	7551	8832	11311	11678
202	0.980252634064	409	583	782	829	1041	1942	2025	2197	2746	2812	3451	3644	4348	6471	6735	7125	7446	7541	7611	7721	7752	7799	8214	8790	9508	9827	9917	10422	10563	10854	11077	11432	11611	11741
203	0.964700587315	722	1271	1337	1787	1804	3927	4872	5024	5610	6069	6244	7137	8683	8801	9087	9570
204	0.997274739545	274	321	531	704	837	1074	1464	1575	1701	1901	2463	2523	2567	3190	3524	3594	3653	3795	3893	4759	4788	5377	5448	5567	5575	5730	6312	6376	6652	6785	6916	7629	7654	7792	7957	8270	8965	9130	10005	10114	10157	10368	11268	11323	12371
205	0.980640734292	573	2014	2801	3629	4328	4749	5087	5345	5521	5649	8661	8698	8764	9497	9660	10030	10547	11061	11141	12138
206	0.930924062214	5436	7839	8560
207	0.92827966827	2157	3077	4277	6045	6326	6922	7278	9916	10041
208	0.903422070065	845	4757	10070	10531
209	0.906910545111	2661	11213	11379	12095
210	0.907974500487	578	7361	8826	9320	9603	10228
211	0.953394032406	7206	7885	7916	9075
212	0.848773721335	1492	6796	10817	11760
213	0.965160995189	428	3946	4870	5010	6612	6732	10516
214	0.856277484284	430	451	1637	3595	5431	5939	6746	7111	7450	7464	8447	9893
215	0.896741728891	490	2177	4537	4572	6058	6306	7707	11175
216	0.863224921052	878	1867	3353	6963	7024	7199	8430	9347
217	0.932520733111	476	655	885	2006	2091	2551	3034	3108	3256	3776	3841	3890	4013	4154	4321	4861	5021	5125	5167	5996	6682	7647	9636	9722	10058	10111	10171	10587	10743	12057	12066	12334
218	0.86110881563	498	1404	1571	3166	3489	8868	10865	11237
219	0.898158368503	386	4075	4351	6592	7545	10016
220	0.838045627601	229	340	3372	3506	4724	6118	7263	8453
221	0.948332497122	788	1846	2077	2153	3588	3806	4691	4912	5314	5681	6052	6633	8144	8420	9164	10318	11227	11739
222	0.852808192899	912	8193	9709
223	0.939739692471	174	2717	5665	6900	8614	8675	9838	9870
224	0.944467727179	613	1263	1272	1584	1706	1924	2130	3146	3877	4287	4560	4590	4918	4938	6115	6390	6831	7123	7756	8895	8993	9107	9346	9848	10027	10092	10364	10366	10886	10915	11252	11803	11961	12304
225	0.860468376472	262	2307	4056	6990	7155	9180	9195	11017	11539
226	0.907368001653	2189	7001	7297	9582
227	0.912304105304	537	3498	6586	7530	8341	8799	8875	9953
228	0.98602529292	515	744	1232	1422	2019	2794	3226	3582	3895	3961	4618	5816	6315	6563	6696	7164	7880	8681	9242	9367	9586	9592	10548	10623	11199	11389	11536	12047	12122
229	0.932305285837	1363	1968	3294	3407	6872	7007	8528
230	0.903807218959	3107	5993	6743	7318	7461	8209	8821	9185	10574
231	0.893467225452	7357	8956	9897
232	0.940970398135	3769	4325	6550	7040	8818	8839	9706	10405
233	0.814302157424	1388	2286	3731	4312	6318	6943	9276
234	0.86507393088	692	2064	6298	6433	6671	7470	7863	8252	8756	9110	9409	12009
235	0.91319393206	560	673	880	1035	1562	1941	3357	7732	8961	8962	9555	10661	10917	11386	11442	11963	12176
236	0.979896998495	898	1801	1809	2236	3235	6685	6897	7539	8257	8696	9309	11362
237	0.928306230263	1166	1313	2619	5784	7417	9884	10477	10697
238	0.913155564737	1608	1760	2227	2392	3282	3845	4782	6553	6972	8934	9064	12110
239	0.974608210607	323	1019	1028	1268	1306	1340	1599	2386	3100	3269	3311	8410	8666	8710	8966	8988	9058	9097	9120	9438	9824	9834	10053	10087	10572	10752	10839	10991	11015	11253	11254	11770	12028	12132	12349	12363
240	0.90206150577	2489	5234	5482	5848	7391	11172	11191	11521
241	0.915720272703	2540	4695	5015	5236	8935	9509
242	0.946276894018	726	2618	3270	6067	6699	7163	7275	9113	10884
243	0.982590089425	463	797	828	4294	4564	8022	8976	10353	10551	10732
244	0.973165009002	138	784	1108	3465	3963	4752	4794	5148	7126	7132	7258	8354	8544	8554	8929	9017	9411	10464	11303	11435	11710	12146	12249	12313
245	0.963188029395	372	1048	1291	1735	3614	3615	5663	6479	7750	7791	9219
246	0.939063837323	126	1454	2117	4755	5232	5367	5957	6374	7747	7755	7837	9523	11140	11839
247	0.982342177493	1570	1616	3913	4342	4361	4905	6288	7072	7499	7589	8974	10000	10049	10055	10476	10744	10758	12250
248	0.980922586548	169	538	921	929	1004	1013	1081	1146	1162	1229	1549	1610	2088	2179	2229	2714	2790	2908	3947	5065	5642	6678	6986	9635	9818	10958	11305	11981
249	0.986590620665	231	283	803	1332	1344	1378	1486	1523	1895	1960	1982	2193	2213	2284	2510	3065	3308	3440	4143	4200	4240	4354	4776	5216	5480	6649	7106	7293	7566	7617	7632	7978	8233	8378	9121	9166	9553	9686	9845	9949	10344	10512	10912	11704	11915	11951	12008
250	0.94718442877	3831	3994	4955	5017	5565	6876
251	0.977804503733	1345	1491	1925	2346	3288	3292	3380	3832	4544	5013	5197	9465	11715
252	0.998704571614	110	853	1114	1415	1490	1719	1740	3178	3291	4552	5682	5732	5822	6100	6419	6530	7204	7342	7527	7665	7759	7935	8922	9544	9618	10741	11325	11877	11885	11942	12120	12149	12172
253	0.99568234808	53	61	130	466	482	864	1850	1926	2144	2325	2504	2848	2971	3064	3273	3324	3868	4007	4019	4067	4203	4270	4640	4774	4969	5305	5587	5602	6256	6729	6731	6819	6820	6983	7006	7274	7894	7977	8543	8831	9541	9699	9780	9784	10554	10682	11224	11346	11382	11752	11871	12083	12390
254	0.99175530502	638	891	1308	1360	2123	2701	3167	4476	4541	6443	6531	7127	8224	8549	9599	9804	9849	10001	10124	11595	12199
255	0.851636513886	4494	8017	8253	8422	11716
256	0.838385030841	1691	1812	3008	3562	5360	5589	6452	7157	9314	9383	9771	10147	11322
257	0.893415577133	1092	1508	1687	3542	3869	4219	5700	5875	6799	7531	7746	9620	10040	10314	10648	10649	11413	12257
258	0.938498657144	601	2769	2778	7122	8092	8794	9622	9889	10722	11333	11482
259	0.909922379955	367	827	1339	1752	2553	3196	3259	4173	4483	7532	7571	7760	7826	7828	8204	8495	8971	9223	9837	10656	11477	11764	12215
260	0.902635539946	635	925	1244	3081	4833	5112	6618	7088	7159	7211	7347	7904	8135	8805	9034	10947	11635	12410
261	0.924960894844	1029	1202	2147	6407	8478	9067	9799
262	0.818950506154	4320	11228	11421	11782	11979	12030	12264
263	0.948170173833	9288	10291	10448	10799	10848	10849	10994	11194	11452	11474	11679	11695	11778	11830	11904	12023	12054	12068	12286
264	0.976007142225	383	1148	1392	1397	1699	1750	1882	2273	2506	2521	2664	2888	3234	3572	4118	4329	5770	6282	6516	6803	6832	6982	7212	7642	7936	7963	8125	8623	9483	9577	9892	10445	10488	10710	10989	11079	11117
265	0.883053448632	2029	7235	8530	8960
266	0.93902547	2072	2692	3990	7731	8215	9464	10014	10502	10970	11410	11912	12079
267	0.882873417348	2820	3660	4697	5830	6292	7646	10838
268	0.815143287194	5937	7130	7753	7925	8075	8432	8705	9752
269	0.980212791075	1478	1689	4304	4565	4720	5292	5764	5885	7339	7601	8845	9028
270	0.914862910604	1471	4416	4436	5606	6674	6708	6949	7745	8785	8855	9557	9692	10976
271	0.897740754951	2128	4412	6144	6873	8811
272	0.865867839329	9049	9177	9218	10433	11330	11927
273	0.875787267951	1695	1906	7451	8545	9104	9546	11261
274	0.948967033616	1897	2628	3054	4471	5542	5627	5782	8375	9151	9479
275	0.993251630611	799	1756	5252	5912	6434	6568	7140	8531	9359	9462	10747	11119	11804	12252
276	0.974770533896	4130	4578	8503	9517	10567
277	0.989629312635	127	205	227	236	306	526	562	581	755	767	809	1284	1341	1598	1615	1709	1717	1854	2180	2310	2343	2349	2438	2610	2748	2879	3138	3150	3239	3370	3603	3759	3813	4364	4549	4601	4729	4787	4879	5437	5460	5513	5526	5530	5640	5766	5801	5808	5841	5931	6005	6033	6055	6090	6122	6283	6357	6528	6768	6901	7025	7057	7143	7170	7288	7441	7449	7876	7995	8323	8434	8437	8481	8600	8619	8980	9275	9297	9516	9554	9673	9785	10212	10239	10298	10313	10404	10514	11104	11163	11249	11286	11721	11795	11883	12031	12282
278	0.978328365257	709	1296	1325	1393	1928	2564	4229	8112	9349
279	0.884081988018	317	1600	2070	4284	6733	10565	11665	12141
280	0.979621048904	44	153	1696	2680	2878	3188	3404	4149	4750	4858	5462	5846	6170	6424	6899	6941	7249	7649	7929	8395	9046	9133	9196	9947	10255	10273	10292	10359	10416	10582	10675	10699	10727	11188	11592	11708	11859	12063	12247
281	0.953631614674	760	2781	3300	4453	4616	7117	7595	8643	8663	9045	9772	11011	11948	12246
282	0.924168462061	6	4335	5093	6102	6499	6508	8088	8525	8540	8644	8734	9401	9737	11455	12413
283	0.912397072278	136	3803	6838	7434	7913	10490	10596	11221
284	0.874376531004	913	992	3156	6611	8591	8718	12407
285	0.824454741316	2891	5488	12050	12055
286	0.901277926984	4519	4575	6004	8523	8932	9348	9678	11887	11997
287	0.899374317504	264	4926	5564	5783	6717	6928	7223	7395	11453	11952	12183	12211
288	0.904599651743	970	5729	6087	7560
289	0.967598795856	1032	1984	2076	2566	2571	2964	3116	3330	3413	4069	4142	4176	4184	4338	4551	4708	5394	5790	6705	7099	7423	7476	8391	9981	10234	11137	11215	11287	12192
290	0.944143080601	31	295	1311	2446	3099	3839	3899	5183	5274	5833	6018	6043	6257	6667	7207	10616	11319	11585
291	0.921155151551	1857	7575	7708	9950	11670
292	0.896363958327	4	2761	2852	4689	5618	7674	9998	10218	11186	12091
293	0.96039016616	331	888	1778	1917	3306	4595	4933	5053	5357	5590	5698	6385	6774	7019	9175	9249	9430	9756	9801	11519	11535	11935
294	0.925859575598	4260	4517	7015	10613	11030	11995	12403
295	0.938144497241	3384	6393	6753	8065	8844	10555
296	0.91165776348	456	1511	3971	5694	10259
297	0.911808281439	901	2768	3765	4960	4977	5563	7181	8854	10002
298	0.920560458047	1322	2402	4546	5080	10173	10737	11171
299	0.871718856064	1675	1835	3252	9697	11427
300	0.933448927191	3236	3744	4656	5489	6249	7432	9161	9187	10887	11657
301	0.958628220642	97	105	307	579	1581	2098	4269	4314	4432	4868	5558	5583	6730	8864	10369	11659	11938
302	0.830032759791	1046	2589	4214	5154	9054	11232
303	0.898660095033	592	1412	3732	3924	10224	10354	11985
304	0.870553079715	4033	4889	5266	5739	5751	7039	7981	9114	9273	10215	10221	10274	10762
305	0.981115898828	411	2577	4983	8502	9295	10311	11162	11917
306	0.971093173568	2171	2690	3872	4133	4246	5106	6635	7093	7520	7521	7842	8843	9802	10411	10562	10795	11160	11591	11845	12144
307	0.985097246407	446	674	1149	1328	1358	2018	2126	2133	2135	2588	2612	2783	4249	4417	4740	5701	5711	5817	6171	6180	6239	6511	7418	8417	9125	9393	9746	10602	11128	12350
308	0.81601393029	2194	2710	2839	3916	4530	4538	4657	7350	9861
309	0.975222087773	191	558	631	705	981	1253	1565	1845	1943	1957	2047	2057	2063	2118	2335	2429	2447	2466	2625	2763	2857	2911	2978	3031	3139	3204	3336	3576	3637	4165	4513	4563	4706	4954	5074	5108	5373	5475	5599	5796	5994	6279	6342	6502	6536	6770	6842	7005	7070	7115	7630	7696	7804	8126	8191	8343	8602	8603	9545	9583	9961	10145	10338	10485	10746	10850	11078	11096	11181	11312	11825	11913	12026
310	0.911048313313	188	4208	5026
311	0.950255290264	1331	1450	1873	2649	2885	3717	3772	4339	4347	6076	6150	6534	6839	7559	7798	8061	8585	8880	8900	8941	9326	10130	10530	10823	10933	11377	12039
312	0.942795797302	407	693	1441	2920	3001	4568	6120	7480	8455	10591
313	0.866717823097	876	1370	2125	2552	2658	3093	3467	6213	6593	8249	8372	9141	10911	11434	11980
314	0.890231089337	416	1974	2422	2639	2958	3114	3590	3828	4874	6301	8578	8598	8917	8926	10069	11507
315	0.954310421155	5753	6748	6965	7356	9068	9101	9967	10550
316	0.906835286132	255	1997	2366	3091	8161	10108
317	0.879719918543	7	144	737	1068	2261	2529	2656	4949	5901	6305	10878
318	0.943960097984	6079	6976	7469	8640
319	0.951491898592	832	872	4193	5120	5350	5621	7375	8919
320	0.931136558156	293	511	886	1524	2522	3432	3471	3956	4224	4330	4458	5713	6446	7191	7887	8963	9894	12405
321	0.963579080955	259	813	1694	3470	3799	3964	4227	5256	5343	6464	7458	7813	8426	8474	8744	8749	8884	8982	9004	9095	9651	10169	10388	11888	11925	11999	12107
322	0.938022016941	103	595	672	952	1461	2634	5416	5444	6861	7255	9628	10831
323	0.983435646194	1269	1553	2232	3368	3469	3622	4700	5267	5680	5689	6379	7128	7264	7368	9353	10074	10240	10247	10304	11363	12409
324	0.902989699849	605	3144	3912	6600	8918	9031
325	0.978648584836	73	91	308	351	380	440	718	731	752	862	964	1020	1150	1380	1417	1502	1550	1614	1753	1822	1983	2016	2068	2293	2631	2741	2993	3215	3230	3261	3309	3329	3735	3742	3818	4028	4038	4243	4289	4583	4709	4838	5001	5069	5184	5253	5504	5545	5930	5965	6161	6254	6321	6444	6455	6503	6591	6936	7094	7683	7861	8129	8566	8605	8685	8714	8757	8975	8999	9069	9240	9377	9456	9469	9823	10105	10263	10447	10644	10693	10863	11093	11755	12330
326	0.935843933536	87	388	458	1626	2031	2698	3859	11121
327	0.9714635658	356	822	1285	1509	2789	3126	3159	5306	5551	5702	6173	6307	6319	6412	8599	8609	8771	10453	10862	12125
328	0.968118230381	519	800	1010	2347	2469	5851	6148	6230	6232	6410	6520	6532	7332	8307	8431	8709	8849	9272	10152	10252	10561	10866	10969	11259	12277
329	0.951258743323	212	492	589	1205	1414	3710	4589	7634	8497	9906
330	0.922106956291	2785	5224	7662	11029	11179
331	0.942527226043	129	597	4728	5155	5244	8989	9488	9930	10402	11522	11564	12171	12375
332	0.954310421155	569	697	2355	2488	8038	8795	9331	9443
333	0.957338488327	2480	4802	5296	8444	8526	10372	10599	11547	11870
334	0.924786766225	3668	7964	9715	10139
335	0.974687896585	366	938	2799	2876	3243	3435	4150	4317	5348	5463	5940	6202	6571	7086	7587	8958	9333	9672	9795	9851	11652	12006	12305	12388
336	0.980296904052	1192	3753	4120	4272	4666	5767	5962	6310	6323	6764	7855	8277	8353	8822	9708	9765	10021	10226	10235	10294	10702	11402	11470	11582
337	0.973743470177	1017	1351	1782	2044	3474	5076	7481	9973
338	0.995844818936	247	322	360	445	460	618	801	2048	2210	2226	2442	2563	3896	4124	4465	4619	4965	5315	5451	5633	5727	5903	6010	6700	6892	6918	6926	6957	7003	7069	7454	7606	7622	7625	8001	8002	8154	8176	8229	8529	8541	8548	8562	8575	8604	9259	9270	9352	9440	9574	9668	9873	9883	9969	9970	9991	10072	10352	10495	10703	10802	10851	11026	11049	11202	11251	11750	12042	12097	12158	12263
339	0.933835551752	3587	7071	9787	12288
340	0.906321754272	422	3266	5550	6259	11800
341	0.894875011067	3445	5970	7529	7806	12370
342	0.92145176047	585	5180	7788
343	0.969948056548	1307	1976	5332	6631	9512	10295
344	0.968389752973	7414	7540	8649	10852
345	0.96396422985	6072	7569	7984	11730
346	0.984169052327	1869	2423	2972	7835	8006	10321
347	0.828188176962	739	4262	4644	7898	9567	11135
348	0.948975887613	1771	2867	4675	7528	7563
349	0.912146209013	1125	2950	4859	6566	10238	11055	11423	11833	12335
350	0.991581028835	66	1442	1561	3056	3655	3867	3945	4310	4397	7053	7709	8297	9006	10589	10740	10769	10942	11706	11768
351	0.996054658678	65	79	213	512	536	1410	1505	1521	1540	1781	1907	2412	2476	2490	2497	2689	3332	3343	3356	3481	3764	3853	4170	4327	4713	4964	5294	5405	5537	5787	5967	6101	6195	6222	6726	6777	6947	8009	8047	8057	8374	8812	8946	9051	9327	9378	9646	9813	9868	10015	10493	10543	10617	10898	10946	10968	11144	11190	11478	11487	11505	11598	11878	12404
352	0.995265472361	443	551	587	3398	4036	4357	5334	5585	5725	6539	6549	6960	7218	7779	7784	8173	9482	10056	10261	10535	11218	11336	11559
353	0.937030369212	4418	7997	8283
354	0.927732196087	4285	4937	5422	7338	8561
355	0.996351415164	358	426	528	1827	1965	2733	2765	3327	4826	6031	6095	6629	7472	7793	7853	8220	8931	9019	9098	10581	10768	10804	11043	11045	11500	11831	12038	12163
356	0.957189446035	1489	2728	2871	3189	3574	4081	4498	4501	4783	5239	5582	5691	5952	6024	6595	6782	7044	7224	7987	8340	8356	8421	8509	9229	10132	10191	10749	10821	11297	11381	11429	11785	12180	12314
357	0.999098618776	301	961	1473	1641	1659	3681	3978	4621	4623	4934	5494	5540	5809	5938	6025	6287	6371	6692	6704	6814	6878	7173	7317	7327	7413	7645	7720	7919	8379	9579	9719	9723	9895	9929	10593	10868	10977	11546	11620	11844	12043	12080
