1	0.937575757576	312	865	1026	1034	1782	1819	2398	2733	3769	3857	3963	4346	5013	5072	5220
2	0.996375222816	66	80	176	188	218	332	355	399	426	458	498	586	731	796	799	818	968	1199	1280	1429	1475	1497	1555	1641	1763	1820	1830	2201	2269	2295	2311	2326	2332	2413	2493	2619	2826	2828	2961	2996	2997	3013	3086	3159	3163	3227	3257	3331	3334	3396	3491	3569	3626	3640	3796	3839	3883	4118	4152	4301	4311	4339	4566	4639	4732	4746	4808	5031	5133	5155
3	0.491228461081	130	924	1909	2146	2225	2854	2969	3856	3975	4054	4244	4918
4	0.989467468806	103	356	389	714	930	1271	1471	1563	1689	2237	2324	2666	2912	3130	3465	3536	3725	4107	4137	4355	5090
5	0.993267825312	352	466	590	681	698	835	963	1094	1274	1299	1413	1431	1639	1674	1743	1784	1849	1927	1954	2103	2236	2243	2253	2427	2598	2646	2709	2792	2796	2823	3056	3207	3250	3276	3299	3531	3547	3951	4304	4391	4722	4832	4848	4887
6	0.994912804516	28	72	330	337	404	536	677	725	764	918	1017	1343	1349	1364	1395	1446	1565	1623	1787	1920	2152	2209	2256	2263	2358	2414	2423	2554	2618	2686	2845	2885	2916	2965	2976	2995	3058	3099	3101	3196	3201	3210	3231	3237	3289	3301	3437	3456	3525	3811	3933	3937	4083	4172	4177	4282	4314	4410	4467	4471	4477	4743	4928	4944	4970	5098
7	0.999397296494	96	114	174	233	397	438	472	499	524	550	746	750	774	777	782	855	927	966	1028	1062	1190	1248	1307	1320	1375	1445	1447	1456	1607	1764	1802	1833	1863	1882	1892	1898	2085	2396	2407	2420	2466	2523	2596	2623	2850	2899	2993	3112	3180	3292	3361	3364	3408	3548	3580	3647	3680	3692	3717	3873	4133	4222	4235	4397	4413	4622	4679	4699	4730	5021	5062	5120	5237
8	0.913368983957	850	1319	1438	1510	1891	2224	3066	4748
9	0.996635843731	65	254	257	440	531	710	879	925	960	975	1002	1071	1099	1425	1462	1491	1553	1582	1593	1696	2044	2092	2168	2176	2231	2292	2299	2362	2481	2499	2762	2855	3094	3372	3451	3649	3663	3698	3822	4044	4174	4196	4330	4504	4506	4529	4782	4833	4845	5096	5111
10	0.0	82	108	460	886	1318	1974	2077	3369	3712	3854
11	0.994235071301	3	33	374	436	509	640	780	880	1109	1147	1634	2048	2072	2345	2349	2847	3088	3426	3594	4097	4338	4923	5057
12	0.97407902555	112	340	372	571	684	1029	1084	1650	2290	3307	3662	4006	4718	5239
13	0.996842840166	465	672	793	1103	1259	1460	1753	1756	2741	3033	3157	3573	3948	4450	4909	5196	5222
14	0.957194741533	758	2057	2773	3566	3690	3983
15	0.995196078431	79	163	650	1180	1880	1993	2078	2654	2714	3042	3148	3932	4106	4232	4571	4588	4865
16	0.989572935235	145	223	403	548	673	821	1316	1443	1861	1970	2132	2331	2964	3008	3216	3762	3897	4024	4065	4289	5034	5179
17	0.998080659537	184	377	378	477	891	957	1033	1168	2119	2187	2276	2364	2486	2490	2727	2766	3574	3770	4511	4628	4637	4775	4805	4817
18	0.993052807487	214	307	887	1325	1602	1649	1755	1852	1876	1964	2261	2352	2535	2778	2935	3044	3103	3922	4037	4166	4405	4481	4617	4830	4892	5012
19	0.982601010101	420	661	1129	1336	1489	3009	4285	5232
20	0.985464943553	424	1529	4898	5087
21	0.993121732026	55	61	75	137	294	692	804	1091	1253	1979	2093	2207	2496	2858	3269	3279	3407	3726	3906	3979	3984	4074	4324	4352	4709	4799	4822	5000	5138	5143	5211
22	0.993202837195	46	334	490	513	858	1310	1552	1807	2045	2765	2805	2929	2989	3310	3319	3392	3459	3616	4033	4829	4842	5068
23	0.995348410576	71	324	366	588	643	699	737	739	822	824	1186	1225	1305	1408	1670	1994	2130	2344	2408	2648	2769	2785	2815	3062	3278	3467	3615	3625	3799	3874	4302	4366	4393	4484	4576	4607	4616	4698	4824	4927	5053	5055	5108
24	0.994036467617	73	107	244	283	401	488	518	767	892	1027	1367	1646	1648	2020	2287	2339	2462	2485	2771	2791	2956	3010	3140	3155	3205	3586	3840	3885	4209	4478	5102
25	0.977284610814	76	1664	2158	2191	2589	2631	3267	3691	4272	4374	4388
26	0.999725334225	133	183	196	222	240	320	335	394	521	635	830	904	905	943	965	989	1009	1131	1139	1149	1161	1231	1321	1340	1535	1558	1628	1631	1655	1717	1742	1812	1922	1929	1963	1992	2003	2025	2084	2153	2214	2304	2312	2405	2469	2683	2735	2754	2985	2988	3027	3045	3142	3167	3191	3198	3275	3341	3417	3453	3475	3607	3719	3731	3750	3785	3866	3877	4079	4148	4149	4155	4279	4362	4448	4475	4536	4621	4649	4863	4875	4879	4882	5064	5103
27	0.970493909685	262	662	4095	4377	4564
28	0.974173351159	311	775	854	1380	1566	1913	2227	3179	4052	4126
29	0.966120023767	543	659	1776	2028	2267	4861	5194
30	0.997162136067	573	1453	1495	2142	2521	2887	2994	3809	3910	4672	4815	4994	5059	5228	5230
31	0.961609477124	598	1923	2645	3115	3695	3748	3884	3887	3888	4317	4610
32	0.93426916221	1219	1758	2163	2347	2522
33	0.998015300059	1457	2736	2752	3589	3798	4804
34	0.945449346405	807	1814	1910	3716	4207
35	0.836081402258	1669	2308	2451	3328	3423	4851
36	0.994487745098	309	322	605	622	707	1039	1157	1397	2117	2401	2492	2497	2520	2588	2688	2731	2734	2846	3106	3228	3306	3343	3466	3472	3485	3505	3541	3630	3851	3892	4089	4853	4894	5003	5035	5144
37	0.999511289364	59	250	274	313	405	444	632	688	722	724	776	805	881	894	1042	1063	1090	1093	1154	1388	1557	1638	1790	1889	1955	2026	2039	2068	2102	2110	2181	2199	2205	2212	2241	2330	2361	2463	2471	2500	2564	2703	2708	2782	2784	2998	3127	3144	3356	3399	3427	3576	3585	3602	3675	3688	3702	3706	3778	3788	3790	3871	3875	4014	4114	4210	4215	4227	4254	4293	4358	4383	4453	4468	4479	4517	4538	4546	4550	4561	4605	4683	4731	4765	5165
38	0.999238042187	221	239	351	369	474	626	843	875	952	1010	1105	1153	1216	1243	1500	1516	1554	1590	1677	1682	2175	2177	2249	2404	2467	2702	2803	2863	3040	3181	3232	3544	3646	3657	3693	3728	3914	4008	4062	4296	4308	4320	4465	4497	4498	4665	4873	4910	5204
39	0.981882055853	580	2064	2622	3168	3176	3410	4771
40	0.967707219251	2380	2914	4260	4449	4976
41	0.988979500891	140	740	869	876	1069	1330	1680	2171	2616	2722	3031	3600	3764	4612	4988	5058	5082	5121
42	0.99552993167	343	608	1055	1556	2548	2607	3697	3997	4017	4057	5086
43	0.994653074866	383	479	729	785	959	1855	1914	2063	2569	2720	2742	3419	3779	3845	4791	4979	4991	5172	5242
44	0.995188948307	200	252	314	323	690	2165	2166	2517	2864	3002	3645	3744	3881	4404	4727
45	0.937853535354	1176	1512	1965	2804	3065
46	0.979707367796	256	317	621	889	1583	2060	2488	3291	4306	4336
47	0.984359031491	1700	1879	1894	2527	2545	3929	3967	4005	4620
48	0.997091206179	125	168	359	416	430	478	517	530	541	601	610	678	931	1167	1175	1251	1277	1283	1304	1416	1505	1531	1899	1919	1960	2075	2298	2640	2744	3032	3038	3212	3287	3579	3814	4240	4523	4754	4793	4900	4932	4962
49	0.995090834819	679	741	849	878	895	1788	1856	2353	2672	2755	2928	3029	3194	3217	3254	3266	3350	3353	3367	3421	3628	3642	3927	4070	4239	4400	4553	4939	5175
50	0.999149658348	224	276	395	463	576	644	801	1073	1627	1637	1661	1673	1870	1872	1904	2021	2178	2403	2639	2659	2938	2951	3136	3584	3679	3913	4067	4151	4307	4341	4491	4705	5166	5173
51	0.989546939988	118	253	468	668	946	1928	2052	2425	2506	2551	2663	2905	3526	3718	3865	4041	4786	5151
52	0.993972667855	121	806	1642	1738	1840	2877	3504	4466	4981
53	0.988561348782	142	625	1098	1847	2478	2578	3188	3550	3622	3677	4081	4527	4797	4843
54	0.990491681521	220	639	1412	1442	1619	2216	2301	2713	2760	2967	3211	3239	3264	3950	4009	4060	4424	4490
55	0.970985591206	500	1971	2206	3258
56	0.986606506239	549	791	1452	2277	2537	2930	3393	4392
57	0.939439245395	603	2786	2960	4103	5198
58	0.981289364231	926	1046	1214	1640	2808	3175	3763	5054	5170
59	0.999617728758	1292	1483	2484	2775	3297	4200	4485	4757	4844
60	0.966726827094	1355	1713	1873	2195	2217	2566	2783	3312	3325	3699
61	0.979907159834	172	348	1610	1632	1766	3484	4443	4758	5116
62	0.989555109923	226	261	820	1138	1385	1517	2571	3246	3867	3924	4717	5019	5030
63	0.971431966726	1117	1676	4796	5117
64	0.975382501485	3051	3641	4064	4520	5007
65	0.988051099228	267	306	421	761	888	1011	1463	2539	3244	3378	4702	4880
66	1.0	1635	2058	5236
67	0.982698306595	47	941	2089	3514
68	0.989823975045	1982	3048	4835
69	0.991685977421	193	1810	1834	2250	2827	3385	3633	3643	4007	5039
70	0.996628565062	1012	1273	1973
71	0.988996583482	3376	4798	5221
72	0.993523247178	1440	2821	4128
73	0.991559714795	57	2365	2862	3272
74	0.99235516934	419	770	4760
75	0.99229352347	2076	4384	4755
76	0.994151069519	1851	2221	4427
77	1.0	560	2098	3782
78	1.0	837	1528	3265
79	0.998924985146	772	2869	4216	5110
80	0.997164958408	2192	4420	4642	4809
81	0.996800505051	619	2770	5126
82	0.992658348188	264	505	3900	4283	4363	4656
83	0.994210338681	2121	4476	4547
84	0.995521910279	1842	2031	2161	3285	4257
85	0.941231431967	4949	5081	5095	5157	5168
86	0.9840181224	1809	2027	2474	2945	3545	3931	4769	4780	5085
87	0.997622251931	584	1499	1778	3729
88	0.997543003565	1818	4138	4966
89	0.998615715983	742	2138	2606	3012
90	0.99802020202	3487	4157	4579
91	0.998141859774	1290	2018	2604
92	0.99633251634	1868	2673	3912
93	1.0	1215	2042	3030
94	1.0	3791	3925	5020	5045	5214
95	0.979183749257	3476	4422	4522
96	0.995854649436	319	1624	2717	2902	5088
97	0.994924465241	1288	3107	3418
98	0.972356654783	2848	3245	4332
99	0.994838755199	1370	1444	4027
100	0.997830065359	1561	1678	5240
101	0.99753899287	852	1448	2559
102	0.99750103981	826	1023	1768
103	0.99899131016	1160	3558	4551	5119
104	1.0	362	838	3708	5099
105	0.997860145573	551	3835	4899
106	0.998706253714	265	448	595	4534
107	1.0	115	3346	4831
108	0.999254976233	1750	3114	5226
109	0.999015894236	534	2743	3991
110	0.992970662507	2193	3638	4913
111	1.0	437	2814	4176
112	1.0	528	2712	4720
113	1.0	1723	2422	4454
114	1.0	2329	2816	4738
115	0.990412210339	510	749	4082
116	1.0	360	449	1712
117	0.997809640523	271	526	3611	3880
118	0.982791889483	1931	2575	2719	3415	3905	4924
119	0.988088978015	231	286	3054	3161	4508
120	1.0	120	2334	2534	4010	4625
121	1.0	1449	2392	4116	4986
122	1.0	1737	3370	4202	4406
123	0.992689171123	2385	2491	3833	4693
124	0.993354575163	316	652	1999	2800
125	0.996345811052	315	1525	4268
126	0.989329322638	1116	2776	3682	3797	3805
127	1.0	402	685	709	2266	4018
128	0.999072712418	242	1088	1132	2258	4680
129	1.0	597	1236	2498	4630
130	0.98866607249	569	2009	2986	4838	5018
131	0.992934640523	1754	1948	3028
132	0.979706625074	802	1238	2636	3597	4247	4261
133	0.999311957813	2348	2524	2560	4559
134	0.99544392454	1801	2281	3827	4678	4969
135	1.0	694	4503	4577	4806
136	0.91979352347	364	833	2305	5224	5248
137	0.877443553179	3026	4250	4280	4858	4989	5106	5192
138	0.918724004753	982	2096	3394	3565	3978	4416	4669	4723	4937
139	0.971499554367	78	298	552	638	1705	1773	2354	2479	2620	2739	3962	4091	4136	4143	5245
140	0.954842543078	11	1041	1382	2417	2547	3518
141	0.948806446821	153	1804	4700	5208
142	0.937240047534	365	752	1309	3556	4423	4433	4492	5079
143	0.887893642305	1228	1668	2799	3921	4602
144	0.971681521093	525	1134	1981	3138	3802	3957	4019	5115
145	0.927361853832	237	809	1908	2982
146	0.971606506239	1196	2612	4199	4309	4736	5148	5233
147	0.960476827094	600	883	2114	3015	3020	3282	3756	4204
148	0.964072341058	537	624	1813	2860	4967
149	0.756253713607	1854	2807	2872	3666	4772	5114
150	0.985883095663	0	523	555	1887	4500
151	0.96853238265	45	3848	3903	4544
152	0.920528817588	2546	3583	3760	3818
153	0.994034239453	3164	3444	4175	4179	4201	4584	4643	4741	4779	4795	5083	5210
154	0.98502228164	1575	3429	4902
155	0.99030674391	2342	3195	4359	4600
156	0.975069815805	1025	2538	2552	3249	4956
157	0.985188651218	1613	1827	1848	2268	2873	3443	3834	4238	4567
158	0.979789067142	2169	2853	3739	4948	4992
159	0.986770647653	653	1354	1950	2984	4098	4127	4619
160	0.99310620915	2322	2390	2562	2820	3070	3684	3787	4958
161	0.979803921569	41	1477	1822	2700	3007	3302	4563	4747
162	0.986739453357	101	385	1086	1108	1707	1838	2069	2738	2878	3858	3864	4325	4893	5075
163	0.972029114676	3333	4919	4946	4996	5029
164	0.993114527629	1110	2109	2129	2244	2443	2658	3046	3497	3512	3844	4032	4903	5122
165	0.99532798574	37	2465	3468	4333
166	0.997148024361	165	434	553	704	845	1217	2286	2577	3294	3551	3667	3751	4045	4856
167	0.986957813428	2574	2925	3520	4146	4347	4543	4624
168	0.981949643494	751	1185	1574	1714	2764	3126	3637	3860	4382
169	0.993957219251	3324	3529	3552	3784	3832	3935	3980	4049	4125	4234	4618	5008	5074	5097
170	0.991844177065	1007	1548	2642	3899
171	0.989800207962	398	1386	1760	1799	2211	2360	2445	2981	3774	3928	4191	4323	4376	4394	4654	4766	4931	5189
172	0.982828282828	515	939	1278	1286	1539	3135	3243	3462	3614	5149
173	0.987469548425	3327	3329	4286	4356	4548	4658	4862	4864	5202
174	0.981472073678	727	1348	1400	1752	2540	4462
175	0.992649955437	338	587	629	1377	1560	1611	2022	2310	2318	2516	3089	3183	4929
176	0.996062908497	7	297	564	715	812	964	1058	1584	1609	1857	2016	2131	2247	2573	2852	2874	3141	3360	3377	3448	3489	3789	4055	4109	4445	4524	4847	4908	5070
177	0.993809491979	995	1081	2350	2355	2446	2861	4022	4212	4305	4435
178	0.971047237077	432	522	3919
179	0.997249777184	17	817	1339	1762	2476	2592	2605	2611	3133	3354	3720	5201
180	0.994541666667	433	1883	2643	4685
181	0.996400623886	8	25	29	68	129	132	167	295	328	411	493	557	563	732	754	779	846	868	990	1394	1466	1473	1527	1603	1643	1653	1667	1853	2030	2032	2081	2082	2122	2155	2223	2518	2603	2652	2747	2836	2865	2888	2897	2944	3057	3132	3236	3248	3280	3286	3332	3656	3665	3761	3777	3813	3847	3996	4077	4090	4111	4117	4184	4185	4312	4319	4368	4408	4412	4418	4441	4509	4684	4715	4744	4749	4762	4825	4868	4886	4926	4935	4936	5022	5043	5052	5161	5180
182	0.980821449792	506	2384	2456	2509	2528	3855	4985
183	0.992158348188	98	288	1065	1106	2220	3816	4389	4703	4971	5127
184	0.985374331551	128	1289	3742	4719
185	0.986847890671	273	1545	2232	2557	3165	3780	3795	4318	5145
186	0.932257130125	2373	2526	3896	4158
187	0.991299762329	906	1019	2409	3590	3936
188	0.991633244207	1223	3018	3145	3478	4291
189	0.983261289364	126	1543	2139	2933	3300	4635	4668	5250
190	0.987653000594	1245	1360	2990	3598	3766	4220	4800	4866
191	0.98527332145	683	723	1163	3108	4297	4428	4480	5028
192	0.99157902555	1013	1376	1697	2203	2665	2774	3956
