1	0.998504385965	201	275	397	471	547	548	678	1198	1329	1652	2172	2204	2254	2422	2437	2518	2520	2747	2895	2992	3123	3223	3240	3353	3406	3767	4096	4226	4493	4577	4652	4714	4788	4820	4827	5020	5140	5309	5517	5604	5663	5726	5882	5931	6049	6153	6257	6346	6353	6752	6788	6849	6928	7068	7226	7492	7614	7649	7693	8017	8096	8282	8320	8372	8739	8744	8902	8965	9191	9209	9937	10629	10772	11058	11281	11346	11605	11696	11782	11930	12183	12449	12501
2	0.99918182815	45	211	235	268	354	449	836	872	1208	1209	1221	1307	1516	1518	1604	1634	1954	2127	2226	2329	2358	2661	2701	2740	2744	2847	2976	3449	3452	3474	3769	3849	3965	4069	4327	5192	5193	5591	5609	5640	5658	5893	5944	6150	6212	6461	6686	6806	6929	7047	7355	7738	7935	8077	8204	8271	8776	8804	8955	8986	9005	9317	9323	9508	9698	9800	9863	9884	10209	10498	10597	10658	11137	11254	11306	11354	11701	11805	12000	12083	12091	12347	12377	12477
3	0.99792972488	229	309	400	486	508	574	795	1038	1472	1748	1875	1961	2402	2404	2564	3081	3161	3397	3569	3626	3660	3813	3938	4273	4500	4526	4543	4564	4644	4647	4696	4702	4806	4884	5249	5250	5326	5458	5669	5712	5890	5968	6011	6109	6121	6705	6910	6913	7114	7305	7508	7611	7642	7784	7877	8288	8457	8470	8616	9300	9388	9616	9725	9885	9968	10012	10389	10624	10794	11648	11753	11799	12152	12314	12587
4	0.995787878788	83	115	328	847	1226	1298	1390	1879	2020	2132	2146	2210	2649	3435	4157	4250	4279	4476	4569	4779	4939	5349	5426	5477	5481	5738	6217	6506	6544	6591	6750	6811	6865	6973	7192	7257	7543	7834	7987	8214	8220	8266	8329	9013	9816	9945	10334	10473	11043	11164	11275	11324	11366	11393	11679	11758	12046	12367	12479	12512	12524
5	0.998835725678	129	330	533	572	669	888	899	1113	1230	1321	1344	1570	1611	2004	2058	2534	3284	3460	3497	3583	3771	3940	3980	4269	4394	4735	4817	5139	5233	5360	5465	5584	5665	5716	5751	5832	5855	5959	6385	6507	6521	6725	7004	7050	7161	7168	7270	7540	7546	7573	7866	7995	8159	8259	8469	8524	8544	8672	8780	8977	9095	9107	9108	9322	9400	9566	9626	9837	9855	9898	10003	10026	10063	10297	10306	11076	11134	11139	11685	11846	11886	11983	12151	12189	12243	12254	12306	12369	12459	12475
6	0.998544158692	553	1139	1483	1771	1831	3594	3621	3634	3821	3903	4053	4431	4707	5625	7378	8107	8848	9053	9136	9186	9274	9410	9631	9860	9948	9994	10154	10185	10959	11241	11575	11988	12009
7	0.99345803429	273	1028	1606	1816	2484	2796	3137	3418	3538	3665	3682	3758	3808	3958	3975	4385	4549	4871	5367	5570	5749	5756	5934	6498	6697	7025	7485	7519	7646	8202	8310	9509	10599	10682	10734	10812	11048	11151	11738	11908	12515
8	0.999051644737	341	446	964	1259	1277	1309	1341	1696	2091	2252	2438	2792	2973	3333	3356	4306	5080	5081	5515	5888	6735	7388	7899	8876	9788	9806	10162	10427	10516	10675	10956	11202	11425	11548	11662	12125	12171
9	0.99309858453	1188	1465	1826	2104	2147	2178	2773	2827	3133	3153	3605	3740	4208	4309	4393	4472	5261	5801	5812	6016	6501	6565	6687	7362	7559	7699	8606	9002	9216	9650	9706	10326	10490	10970	11232	11722	11873	12473
10	0.996547049442	76	452	633	645	748	820	976	1263	1479	1719	1893	1943	2084	2096	2377	2487	2550	2587	2751	2903	2961	3547	3600	3648	3899	4084	4373	4821	4833	5105	5208	5582	5879	6046	6152	6343	7016	7166	7252	7358	7721	7958	8064	8442	8622	8774	8856	9564	9802	9869	10328	10660	10875	10883	11396	11957
11	0.997851176236	167	349	1141	1171	1520	1824	1953	2008	2018	2681	2738	2828	2881	3119	3176	3222	3601	3630	3877	4112	4199	4330	4795	5014	5052	5291	5395	5535	5940	6344	6368	7081	7447	7617	7684	8169	8355	8539	8841	8925	9000	9190	9665	9748	10118	10342	10458	10536	10549	10917	11174	11189	11268	11334	11484	11897	11909	11932	12232	12252	12358	12360	12361
12	0.998981259968	347	399	417	600	954	1415	1579	1616	1762	1840	1854	1858	2047	2136	2313	2789	2875	3494	3917	4331	4391	4764	4811	5499	5599	5632	5936	6078	6456	7113	7745	8604	8793	9459	10046	10643	11182	11643	12525
13	0.997511562998	9	463	1054	1254	1351	1677	1892	2105	2810	2902	3453	3510	3554	3561	4470	4906	5183	6077	6095	6099	6543	7107	7291	7337	7678	7860	8424	8439	8627	9007	9152	9404	9721	10195	10270	10451	10634	10718	10747	10814	10958	11188	11432	11618	11734	12340	12548
14	0.99888965311	6	800	1270	1806	2037	2125	2134	2241	2296	2394	2595	2682	2771	3546	3730	4824	4951	5082	5313	5378	5923	6002	6037	6122	6165	6245	6317	6435	6644	6785	6885	6985	7117	7225	7375	7435	7438	7639	8125	8146	8236	8252	8717	8808	8932	8957	8983	9039	9366	9617	9841	9864	9874	9990	10085	10161	10419	10526	10749	10815	10902	10992	11068	11217	11294	11423	11852	12188	12461	12521	12564
15	0.998488437002	68	103	185	632	984	1021	1179	1236	1246	1426	1509	1688	1747	1967	2057	2061	2731	2891	2910	3235	3247	3517	3625	3632	3748	3898	4078	4152	4233	4276	4416	4491	5013	5070	5222	5266	5489	5933	6028	6085	6115	6148	6255	6348	6552	6554	6741	6956	6980	6984	7000	7041	7063	7122	7188	7304	7374	7878	8034	8218	8260	8378	8393	8645	8726	9452	9611	9830	10191	10215	10261	10373	10460	10705	10831	10842	10923	10935	11130	11161	11333	11483	11486	11673	11763	11802	11920	12104	12187	12284	12484
16	0.999416915869	144	234	292	296	308	345	707	944	1083	1293	1319	1403	1844	1973	2032	2148	2217	2511	2860	2942	2987	3012	3047	3055	3072	3130	3344	3668	3948	4466	4510	4594	4651	4662	4875	4961	5006	5174	5348	5443	5808	5848	5943	5983	6073	6201	6240	6356	6597	6643	6778	6854	6969	7155	7287	7330	7562	7712	8002	8164	8221	8244	8377	8557	9101	9109	9147	9463	9469	9553	9670	9838	9942	10029	10087	10243	10262	10341	10435	10445	10479	10492	10518	10630	10752	10894	10988	11019	11123	11322	11406	11507	11599	11636	11649	11660	11885
17	0.996277811005	515	1001	1094	1100	1190	1269	1330	1618	1948	2651	2723	3032	3518	3636	4022	4065	4317	4683	5090	5167	5206	5312	5495	5720	6273	6815	6935	7034	7102	7478	7580	7652	7702	7960	8088	8173	8225	8256	8399	8660	9385	9412	9792	11087	11116	11216	11312	11353	11422	11549	12023	12071	12511
18	0.993559509569	75	125	363	1193	1820	2468	3244	3457	4063	4895	5116	5571	6199	6848	6997	7027	7816	8058	8061	8375	8715	9035	9162	9597	9981	11067	12002	12227	12229
19	0.999911079545	173	212	344	762	965	998	1126	1127	1399	1504	1554	1566	1567	1930	2324	2373	2639	3086	3155	3215	3255	3259	3355	3394	3470	3728	3775	3778	4031	4378	4560	4574	4599	4740	4748	4844	5075	5102	5169	5207	5612	5711	5970	6298	6314	6503	6701	6739	7026	7182	7217	7600	7756	7810	7950	7994	8131	8312	8373	8650	9001	9464	9503	9512	9752	9767	9770	9826	10039	10171	10266	10628	10939	11172	11183	11199	11318	11593	11822	11858	11889	12148	12299	12307	12556
20	0.992268440989	662	1935	2045	2685	2950	2990	3138	3617	3873	4255	5000	5437	6397	6850	6996	7013	7868	8183	8232	8400	8505	8866	9106	9338	9667	9738	10394	11004	11316	12323
21	0.997468999203	81	492	609	647	1294	1460	1684	2079	2626	2988	3085	3752	3776	3936	5036	5270	5335	6740	6820	7157	7449	8240	8681	8745	8857	9199	9278	9499	10042	10163	10987	11096	12098	12156
22	0.996442882775	282	413	506	683	878	916	1599	1929	2022	2398	2533	2543	2713	4118	4244	4311	4336	4562	4711	5682	5723	6914	7389	7416	7853	7895	9211	9335	10397	12068	12242	12303	12349
23	0.997519637161	1486	1764	1817	2111	2195	2676	3152	3159	3429	4086	4505	4937	5491	5617	5987	6796	7062	7199	7441	7593	7716	7826	7997	8046	8136	8154	8740	8855	9052	9437	9996	10084	10623	10850	10876	11194	12109	12499
24	0.998585426635	23	204	265	329	338	355	700	725	773	825	968	1061	1145	1586	1756	2055	2479	2674	3310	3320	3370	3501	3590	3868	4369	4515	4530	5001	5058	5383	5413	5421	5442	5792	6027	6494	6663	6680	6692	6726	6782	7103	7681	7705	7708	7909	8151	8316	8426	8607	8696	8826	9010	9063	9118	9184	9629	9814	10183	10234	10555	10698	10781	10890	10974	11255	11463	11532	11574	11622	12199	12364
25	0.999532625598	1081	1842	1895	2074	2177	2236	2246	2263	2662	2772	2920	2954	3198	3430	3676	3908	4099	4710	4774	4889	4924	5126	5184	5202	5292	5450	5452	5542	6009	6241	6249	6472	7150	7502	7765	8029	8052	8920	9434	9543	9783	9784	9891	9978	10501	10639	10664	10806	11125	11287	11301	11678	11759	11764	11800	11942	12103	12185	12491
26	0.997850976874	149	231	373	879	962	980	1055	1252	1443	1515	1646	1790	1985	2242	2363	2515	2897	3204	3309	3363	3409	3689	3869	3922	4212	4281	4314	4420	4624	4845	4908	5799	5826	5866	5932	5958	6076	7141	7218	7432	7874	8095	9055	9064	9233	9250	9280	9378	9428	9565	9587	9613	9881	9966	10028	10222	10256	10355	10542	10552	10728	10921	10977	11063	11300	11751	11834	12022	12190	12565
27	0.999219497608	55	77	214	253	403	409	456	729	846	1095	1101	1124	1533	1595	1631	1857	1947	2034	2049	2073	2545	2599	2628	2784	3327	3592	3608	3790	3989	4395	4427	4613	4825	4997	5152	5628	5680	6130	6293	6380	6411	6459	6732	6774	7140	7333	7504	7656	8050	8338	8351	8590	8722	8882	8978	9424	9507	9614	9880	9927	10756	10856	10909	10967	11248	11283	11441	11558	11961	12319	12362	12467
28	0.999143062201	35	339	376	629	747	1251	1445	1502	1640	1727	2067	2357	2411	2641	2688	3299	3931	4367	4503	4796	5414	5595	5605	5753	5992	6508	6590	6609	6827	6892	6930	7936	8643	8891	9549	9938	10110	10159	10178	10230	10467	10950	11731	11875	11922	12018	12260	12469	12539
29	0.998411383573	277	290	294	433	560	794	945	1187	1206	2320	2462	2565	2914	2971	3039	3049	3536	3952	3979	4204	4751	4758	5488	5715	5754	5809	5894	5906	6007	6058	6259	6333	6393	6605	6613	6682	6731	7043	7527	7638	7668	8145	8284	8371	8430	8476	8597	8653	8779	8845	8952	9040	9327	9585	9628	9677	9682	9709	9815	9865	9883	10023	10145	10242	10263	10489	10929	10995	11069	11344	11402	11408	11527	11690	11972	12300	12476
30	0.997549541467	177	225	635	672	1559	1644	1995	2722	3082	3115	3486	3725	4110	4133	4257	4663	5154	5204	5730	5975	6059	6154	6250	6340	7206	7379	7807	7835	7850	7886	8094	8314	8810	9354	9728	9933	10364	10603	10620	11392	11881	11904	12147
31	0.999350149522	4	19	348	545	822	1110	1505	1648	1964	2579	2582	2778	3023	3067	3703	3933	4140	4351	4727	4784	5023	5420	5707	6142	6483	6633	7007	7121	7360	7710	7746	7876	8193	9076	9105	9477	9528	9680	10081	10174	10354	10541	10600	10966	11435	11940	12076	12296	12485	12581
32	0.996481359649	619	961	2348	2598	2636	2926	2939	3759	4841	4926	5389	5446	6621	7606	7812	8009	8432	8748	8862	9521	10608	10659	10818	11653	11866	11968	12184
33	0.998593700159	89	153	272	334	362	431	596	626	821	860	885	1850	2063	2301	2389	2588	2618	2633	2943	3052	3084	3164	3274	3291	3491	3492	4018	4026	4027	4235	4449	4547	5021	5037	5545	5852	6215	6261	6287	6489	6504	6812	6826	6941	6946	6981	7172	7262	7301	7511	7530	7587	7686	7914	8031	8181	8258	8324	8337	8875	8915	8918	8967	9077	9308	9447	9557	9663	10273	10280	10290	10339	10398	10415	10416	10740	10823	10873	11028	11037	11145	11196	11374	11438	11472	11479	11798	11850	11964	12080	12112	12154	12225	12308	12309	12397	12464	12474	12481
34	0.996505482456	27	530	593	778	791	995	1210	1266	1463	1591	1620	2095	2184	2266	2560	2665	3121	3562	3956	4558	4673	4733	5122	5306	5479	5618	5728	5804	6056	6269	6455	6525	7455	7798	8062	9448	9726	9741	10077	10102	10343	10376	10754	10758	10984	11070	11290	11467	12289	12320	12530
35	0.998580442584	135	426	818	1382	1701	1722	1869	1890	2302	2548	2760	3325	3508	3559	3805	4043	5041	5341	5569	5849	6233	6270	6384	6855	6895	7269	7490	7728	7939	7969	8713	8956	8971	9387	9664	10284	10436	10765	11323	12490	12517
36	0.998560107656	423	522	910	1034	1422	1494	1571	1681	2026	2089	2601	2840	3488	3661	3701	3921	3981	4049	4090	4507	4655	4810	5162	5705	6322	6476	6593	6604	6638	6657	6888	7426	7468	8030	8406	8697	8767	9120	9142	9226	9696	9905	10086	10506	10646	10767	10874	11166	11405	11523	11594	11974	12257	12290
37	0.995431220096	230	2647	4376	6116	7255	8243	8676	8908	9309	9415	9598	10030	10507	11190	11284
38	0.99910152512	324	501	637	746	869	914	969	1060	1084	1477	1492	1883	1936	2190	2248	2414	2686	3028	3118	3359	3520	3763	3840	3996	4028	4034	4465	4605	4623	4832	4963	5069	5410	6572	6837	7094	7153	7361	7383	7536	7776	7838	8022	8144	8330	8425	8435	8527	8563	8688	8724	9333	9365	9414	9500	9736	9868	10015	10111	10121	10202	10556	11064	11205	11239	11447	11543	11546	11670	11976	12247	12262	12310
39	0.999516417464	799	991	1011	1024	1154	1432	1596	1649	1998	2031	2754	2868	3088	3417	3582	3723	4048	4074	4219	4247	4352	4418	4430	4486	4519	4626	4802	5275	5540	5546	5646	5789	6425	6510	6749	6784	6904	7189	7216	7386	7521	7574	7645	7677	7722	8089	8188	8257	8687	8789	8910	9033	9275	9479	9523	9700	9897	10471	10521	10652	11697	11811	12107	12175	12398
40	0.999344617225	102	254	386	444	623	985	1009	1023	1134	1602	1805	2087	2309	3206	3637	3766	3783	4387	4422	4458	4664	4738	4761	4885	5196	5295	5590	5643	6114	6522	6645	7125	7205	7214	7238	7293	7381	7524	7612	7844	8179	8215	8436	8533	8690	8766	9245	9438	9493	9562	9724	9963	10245	10443	10484	10605	10762	11450	11544	11641	11924	11959	11970	11985	12447
41	0.999708861643	128	131	141	570	917	1047	1115	1167	1233	1287	1362	1375	1794	2168	2367	2371	2409	2482	2699	2893	2980	3160	3343	3440	3638	3690	3695	4105	4293	4355	4372	4617	4780	5118	5438	5494	5761	5772	5793	5853	5993	6183	6357	6378	6610	6619	6875	7278	7297	7403	7480	8909	9341	9391	9515	9823	10104	10293	10340	10991	11073	11085	11089	11160	11252	11310	11669	11963	12057	12339	12373	12542
42	0.999543141946	100	245	521	699	1459	1676	1795	1952	1982	2080	2182	2336	2388	3311	5510	5731	5760	6383	6481	6546	6795	6883	7037	7431	7945	8340	8981	9579	9979	10588	11035	11299	12264
43	0.994084330144	156	233	526	926	933	1531	1573	2346	2428	2592	2678	3350	3539	3985	4010	4557	4591	4794	5405	5520	5578	5583	6176	6252	6281	6392	6666	7258	7575	7729	7904	8885	9301	9659	9834	9928	10278	11095	11108	11966	12100
44	0.997562200957	535	721	749	951	953	974	981	1155	1409	1564	2015	2359	2703	2800	2805	3014	3651	3814	4532	5043	5278	5399	5425	5631	5662	6300	6306	7100	7282	7312	7424	7636	9277	9911	9967	10300	10437	10474	11001	11011	11014	11080	11295	11421	11541	11681	12518
45	0.994691786284	94	154	184	188	301	881	912	1119	1288	1720	1873	2011	2093	2196	2268	2288	2318	2467	2504	2984	3402	3522	3544	3545	3656	3784	4103	4595	4835	4995	5049	5370	5718	6126	6328	6417	6813	7275	7417	7689	7726	7822	8667	8913	9288	9304	9743	9845	10964	11672	12006	12426	12455	12483
46	0.992824860447	1195	2695	3451	4610	5455	5644	6239	6634	7285	7670	7991	8519	9231	9702	9940	10164	10470	10565	10863	10922	11233	11267	11746	12004	12421
47	0.995943580542	495	527	641	1161	1852	6339	6825	7163	7827	7931	8189	8546	8566	9079	10021	12222
48	0.99912835925	219	742	793	1194	1211	1354	1368	1398	1466	1537	1608	1613	1674	1695	1986	2021	2340	2415	2663	2809	2996	3027	3907	4361	4641	4697	5048	5439	5460	6623	7390	7548	7750	7758	8211	8278	8501	8995	9336	9382	9475	9484	10434	10884	11112	11440	11614	11700	11817	12102	12544
49	0.992606060606	360	464	2274	3384	3817	4218	5750	9081	9205	9716	10315	11221	11228	11411	11720	12250
50	0.994192683413	346	862	1839	2102	3622	3679	4401	4570	4743	5047	5898	6042	6072	7097	7144	7234
51	0.993804226475	1032	2007	3890	4575	6012	6665
52	0.995311702552	2299	2442	5820	5821	8115	9381	9914	11420	11749	12051
53	0.997588417065	588	592	865	1205	1320	1968	2335	2426	2557	3483	3598	3823	3855	4405	4731	4964	5873	5926	6092	6118	6377	6592	6691	6794	6860	7736	7805	7847	7869	8844	9285	9418	10065	10475	11091	11115	11529	11978	12509	12523
54	0.992363736045	2130	2955	3493	5277	5999	6173	6853	7187	7474	7634	8447	9124	10253	11293	11361	11621	11948	12275
55	0.997637559809	1394	1891	2500	2906	3158	3166	3750	3828	3864	4400	4522	4653	4896	5284	5290	5918	6514	7538	7884	8929	9157	9238	9795	10387	10853	11340	11378	11545	12078	12272	12315	12560
56	0.998106858054	107	140	159	168	313	531	694	779	796	803	864	896	931	939	952	1132	1333	1358	1456	1558	1622	2310	2447	2757	2900	3022	3045	3059	3193	3201	3211	3303	3342	3392	3613	3897	4142	4221	4243	4390	4437	4517	4709	4760	4785	5106	5404	5445	5746	5840	5851	5899	6238	6326	6448	6727	6769	6868	6952	6988	7080	7775	7891	8074	8280	8455	8467	8947	8968	8969	9114	9122	9193	9356	9478	10132	10925	11607	11951	12120	12165
57	0.996176036683	269	667	733	3065	3125	3618	3992	4093	4593	4666	4674	4745	4880	5086	5539	5966	5980	6040	6125	7115	7365	7541	7908	8117	8132	8219	8253	8438	8509	8532	9394	10613	10625	10647	11225	11528	11667	11780	11999	12312	12582
58	0.996279804625	613	1768	1916	3105	4030	6588	6777	7946	8174	8292	8517	8578	8635	8648	9529	9681	9986	10076	10448
59	0.995965909091	113	784	843	1097	1366	1412	1430	2668	2957	3213	3315	3393	4462	4950	5830	6001	7369	7655	7687	8802	9237	9684	10206	10377	11103	11863	12256	12471
60	0.997416267943	51	512	731	771	1035	1539	1830	2395	2446	2473	2574	3080	3110	3129	3842	4473	4550	5003	5427	6171	6332	7006	7237	7457	7774	7982	8344	8641	8884	8992	9287	9318	9379	9876	9889	10344	10488	10672	10827	11111	11325	11879	12454
61	0.995687101276	192	410	786	1715	2596	3128	3212	3657	3721	3835	3871	3966	5972	6711	8441	8478	9283	9930	10323	11387	11491	11583	11625	12036	12169
62	0.997692583732	146	534	598	1452	2247	3795	3913	4739	4847	5654	5661	5745	5859	5984	6396	6532	6950	7643	7873	8027	8979	9154	9999	10563	10879	10976	11482	11716	12008	12020	12384
63	0.995615031898	44	391	2322	2844	3461	3655	4404	4823	5798	5978	6467	7830	7951	7953	8677	8945	10160	10602	10617	10828	11135	11336	11699
64	0.994796750399	84	387	622	702	710	739	1503	1685	2098	2124	2759	2790	3377	4310	4579	5159	5402	5432	6089	6251	6430	6495	6975	7322	7471	7800	7933	8228	8250	8487	9319	9584	9630	9842	10303	10324	10372	10417	10514	10551	10777	10906	11013	11285	11391	12146	12325
65	0.997876495215	434	581	583	621	1253	1666	1823	2295	2477	2572	2573	2858	2905	3232	3639	3836	3909	3945	4381	4481	4567	4616	4629	5189	5274	5508	5522	5608	5624	5698	5905	6106	6166	6399	6966	8003	8247	8450	8496	8658	9117	9658	10577	10743	11061	11774	11786	11899	11984	12164	12353	12558
66	0.997925937002	38	281	1018	1624	2632	2741	3031	3040	3927	4260	4263	4419	5149	5347	5689	5709	6127	6712	7151	7385	7448	7505	7613	7615	7622	8621	8928	9169	9201	9445	9779	9956	10034	10098	10254	10606	11020	11082	11449	11471	11733	12049	12054	12338	12439	12516
67	0.996978269537	603	750	1065	1302	1525	1942	2287	2316	2374	2494	2631	3257	3360	3478	3739	3754	3827	3854	4045	4058	4287	4326	4467	4679	4830	5005	5011	5256	6258	6598	6622	7488	7531	7552	7809	8133	8440	8718	9321	9331	9636	9957	10053	10412	10680	10735	10892	10989	11424	12559
68	0.997522527911	70	123	261	496	1281	1289	1776	2351	2391	2503	3218	3563	3901	3954	3971	4194	4363	4541	4546	4612	4628	5243	5387	5473	6119	6242	6363	6772	7340	7357	7512	7786	8178	8486	8828	9145	9370	9819	9870	10689	11517	12050	12173	12186	12427
69	0.997916068581	22	424	695	2712	3073	3564	4428	4609	4689	4933	5024	5072	5334	5397	5398	5727	6485	6656	7169	7773	8383	8700	9347	9485	9620	10440	11171	11470	11762	11997	12191	12311
70	0.995864433812	69	179	183	195	559	687	856	1500	1686	1788	2412	2702	2874	3026	3051	3148	3328	4365	4494	4534	4854	4912	6530	6535	7569	8123	8840	9219	9542	9546	9832	9850	11047	11584	12255	12386	12428
71	0.99211034689	381	2183	4962	6286	6716	8245	8269	9375	9605	9973	11592
72	0.993129385965	927	1174	1449	3058	3944	4667	4703	4822	5135	7963	8196	9548	11362	11703
73	0.993163476874	244	2825	3386	4338	4749	5670	6490	6805	6833	7356	7534
74	0.997219597289	540	1142	2221	2909	3420	3516	3680	3714	4421	4850	5007	5171	5373	5683	6035	6902	7440	7744	7889	9217	9498	9858	10205	10238	10897	11157	11884	12304
75	0.992205542265	4138	4985	6431	6685
76	0.992614334131	3932	5694	7018	9061	9679	10720	11009	11081
77	0.996398823764	0	270	765	907	1447	1848	1958	2173	2650	2985	3553	3645	3841	3894	4471	4715	5454	5474	5564	5862	5949	5995	6149	6178	6305	6376	6660	6944	6978	6986	7073	7134	7256	7317	7394	7665	7674	7754	7949	7956	8032	8033	8526	8753	8892	8953	9148	9195	9234	9345	9346	9586	9592	9604	10301	10553	10619	10770	10773	11057	11071	11754	11814	12014
78	0.995680821372	120	770	898	1121	1146	1353	1407	1693	1996	2180	4456	4894	5165	5430	5674	5868	5907	6102	6834	7782	8134	8176	8226	8395	8412	8911	8960	9083	9129	9685	10277	10671	11131	11197	11905	11975	12177	12489
79	0.998216407496	8	356	388	554	859	975	1117	1352	1575	1583	2051	2205	2255	2361	2854	3097	3156	3194	3278	3305	3361	3463	3466	3507	3524	3567	3733	3815	3889	3962	3995	4165	4328	4672	4720	4831	5012	5084	5317	5501	5714	5785	5874	5910	6045	6098	6616	7326	7452	7911	7961	8624	8665	8851	9489	9530	9588	9666	10247	10252	10255	10318	10411	10491	10527	10566	10692	11403	11433	11559	11588	11695	11740	12265	12332	12552
80	0.993973285486	379	1076	2967	5352	6505	7554	9896	12214
81	0.994613736045	775	929	1212	2737	3571	4200	4382	4602	4625	4693	4730	5089	5831	7657	8006	8270	8752	9359	10050	10670	10889	11109	11793	12333
82	0.99723145933	538	807	854	855	1312	1833	2179	3326	3354	4068	4538	5133	5134	5229	5457	5626	5647	6620	6835	7130	7253	7507	7650	8039	8498	9086	9494	9765	9790	9906	10288	10937	12210
83	0.997474780702	56	657	883	1156	1199	1249	2003	2326	2480	2575	2880	4015	4708	5264	5991	6312	6938	6965	7522	7637	7742	7762	8038	8409	8443	9242	9352	9364	9436	9582	9687	9755	10405	10581	10852	10904	11056	11278	11456	11579	11728	11861	12059	12302
84	0.998900318979	1200	3914	8797	11088
85	0.993774222488	1498	10789	11577
86	0.998459230463	152	2529	3341	4210	5518	9099
87	0.995989633174	90	5470	7818
88	0.999051006778	674	805	911	2452	2694	3185	9103	11418
89	0.99868550638	145	332	838	842	1092	1204	1345	1476	1872	1881	2220	2352	2719	2886	3267	3737	3797	4020	4038	4130	4318	4649	4834	5173	5210	5230	5429	5699	6404	6673	6676	6759	6877	6947	7261	7267	7315	7401	7814	8360	8466	8531	8538	8556	8737	8760	8916	8972	9137	9141	9166	9355	9458	9551	9599	9606	10027	10356	10466	11273	11744	11853	11952	12033	12197	12245	12269	12337	12390	12534	12585
90	0.992467603668	371	670	1691	1897	2197	2375	2977	3787	4477	4484	4801	4967	4988	5393	5529	5678	5823	6019	6044	6371	6389	6447	6704	7045	7595	9111	9734	10423	11303	11321
91	0.9947226874	4325	5757	5805	5942	8086	9069	9339	10295	10396	10567	10719	11307	11712	11859	12507
92	0.996357157097	941	2188	2894	3141	3221	3395	3576	3799	4495	4782	4797	6194	6994	8931	9619	10450	11995	12007	12015	12563
93	0.992055721691	689	4746	5237	5797	6479	7281	7477	8711	8970	9065	9847	10080	10169	10710	11371	12140
94	0.995389453748	1377	1547	1908	2312	2341	2635	2878	5511	5748	8668	8733	9133	10472	11397	11907	11933	12121	12192	12413
95	0.997822767145	1446	1689	2930	3005	3525	3691	4171	4614	4857	5123	5268	5818	6133	6770	6771	7110	7751	8905	9160	9223	9360	9430	9547	10192	10420	11107	11511	11747	12144	12178	12239
96	0.996052232855	138	474	1508	2777	2829	3069	3915	4185	4350	4460	4590	5068	5614	5735	6762	7528	7841	7992	8081	8376	8431	8561	8642	9125	9132	9501	10117	10686	10725	10868	11163	11631	12409	12493	12540
97	0.997745713716	96	1237	1271	2030	2100	2244	2478	2941	3329	3904	4440	4849	4934	5547	5679	6545	7377	8404	8413	8583	9151	9804	9955	9980	10985	11606
98	0.99787011563	202	783	979	1218	1726	2443	2622	2877	3229	3289	3550	3885	3984	4107	4353	4403	4537	4866	5091	5101	5170	5847	6457	6773	7398	7437	7561	7714	7890	7978	8140	8499	8599	8795	8831	9030	9150	9224	10304	10403	11661	11781	12230	12282	12570
99	0.998379784689	164	286	414	650	1043	1231	1303	1356	1405	1458	1592	2056	2137	2164	2436	2605	2853	2870	3180	3401	3623	3734	3973	4008	4066	4141	4176	4203	4239	4533	4721	4929	5187	5305	5616	5635	5924	6053	6162	6193	6227	6426	6555	6583	6722	7042	7049	7119	7250	7467	7495	7857	7864	8356	8723	8741	8818	9009	9267	9519	10229	10320	10379	10594	10690	10721	11074	11256	11352	11401	11452	11521	12502	12562
100	0.993938696172	440	1176	1754	2218	2471	2922	3751	3826	3997	4648	4654	5328	5456	5828	6354	8694	9958	10537	11656	11771	11896	11955	12211	12580
101	0.998222886762	160	663	752	1130	1280	1388	1588	1983	2211	2424	2856	3101	3375	3495	3848	3852	4356	4455	4539	4705	5145	6164	6318	6564	6751	6801	7035	7162	7165	7332	7618	7916	8113	8321	8463	8728	9192	9809	10240	10461	10477	10785	10869	10885	11380	11416	11533	11611	11826	12037	12343	12411	12577
102	0.994807216906	1969	2569	2621	3276	3926	3957	6054	7101	8087	8792	8827	9044	9146	9251	9791	9801	9833	11910
103	0.995802133174	1191	1364	1780	2141	2169	2791	3677	3702	4179	4202	4345	5337	5839	6023	6347	7039	10004	10854	11022
104	0.999131080542	62	71	170	359	465	484	536	601	644	658	720	918	1033	1169	1305	1496	1627	1711	1959	2041	2209	2334	2585	2924	3285	3444	3867	3884	3912	4001	4013	4047	4177	4225	4296	4559	4741	4864	4915	5057	5137	5203	5419	5621	5692	5759	5870	6062	6365	6433	6823	7463	7862	7888	7955	7973	8112	8255	8301	8652	8656	8936	9403	9645	9935	10173	10232	10357	10712	10810	10830	10905	11098	11226	11345	11427	11644	11770	11825	11865	11981	11989	12115	12238	12327	12393	12451
105	0.996870614035	2752	3248	3760	3924	6207	6307	7892	8480	8772	12024
106	0.994030801435	63	1002	1928	3649	3811	5300	5883	6497	7425	7706	7741	7788	8571	11265	11455	11634	12194	12417
107	0.996363137959	226	305	439	1202	1234	2024	2526	4303	5039	5467	6624	7154	7434	7737	8427	10264	10485	10840	11542	12218
108	0.997443281499	437	1495	1540	2267	2555	2606	2658	2885	4347	4947	4968	5098	5362	5627	5896	6141	6939	8147	8405	8407	8649	8824	9607	11313	12044	12108
109	0.996939194577	3635	3968	3990	4333	4542	4601	4754	5782	6427	6856	7194	7219	7804	7840	7863	8529	8709	8743	9320	9374	9648	9952	10404	10948	11373	11417	11481	12545
110	0.998913975279	65	1519	1704	2214	3468	4159	4474	4480	5195	5928	6309	6828	6852	6872	7099	7131	7137	7230	7489	8392	9089	9177	9386	9669	11372	11398	11462	11915	11979	12249	12566
111	0.998500498405	759	780	1013	1015	1682	1925	2060	2175	2501	2742	3100	3587	4072	4153	4459	5019	6107	6395	6440	6694	7156	7392	7796	8379	8445	9781	10275	10424	10497	11845	11934
112	0.992619417863	514	1940	2463	2640	4055	4080	4242	4304	5503	5872	6060	6202	6464	7152	8654	8898	10122	10996	11153	12089	12504
113	0.996461423445	550	1419	1488	2156	2524	3658	3951	4339	4576	4919	4974	5046	5556	5597	6111	6359	6454	7497	7732	7940	9694	9839	10194	10428	10610	10621	10626	10943	11234	11569	11791	11891	12079	12251	12274	12418
114	0.99537599681	1381	1645	1694	1741	2333	2530	3162	3477	4681	5212	5422	5867	5885	6480	7405	7550	7875	8223	8286	8428	8799	9024	10096	10456	12216
115	0.994914473684	31	241	489	618	681	785	938	1143	1668	2311	5146	5327	5734	5827	6675	6733	6810	7036	7069	7127	7682	8345	8504	9021	9429	9487	10011	10199	11839
116	0.992782496013	97	967	1031	1056	1517	1902	2347	2776	4071	4897	5108	5607	5770	5986	6873	6898	7462	7578	8341	8434	8988	9581	9660	10738	10888	11175	11872	11943	12200	12331	12356
117	0.99917148126	58	250	318	612	696	915	955	971	1017	1149	1279	1291	1317	1363	1400	1594	1734	1783	1863	2286	2308	2331	2413	2441	2581	2708	2879	3210	3228	3277	3365	3464	3793	3845	3875	3895	3935	4011	4172	4189	4402	4611	4688	4691	4763	5054	5205	5299	5423	6131	6373	6420	6582	6611	6840	7024	7175	7288	7319	7658	7770	7942	7980	8287	8381	8410	8647	8657	8675	8765	9441	9653	9772	9934	10296	10309	10367	10378	10693	11415	11570	11902	12064	12206	12259	12450
118	0.998958931419	317	1229	2535	3010	3016	4867	5127	5262	5819	6071	6341	6536	6926	7055	8227	8662	8678	10793	11851	11887
119	0.997009469697	74	220	227	428	552	584	615	824	1148	1255	1455	1457	1535	1671	1811	2019	2029	2050	2556	2816	2896	3330	3390	3502	3549	3781	3844	3878	4094	4297	4374	4512	4718	4755	4928	5042	5125	5630	5642	5702	6230	6603	6678	6730	6809	6959	7020	7233	7479	7748	8326	8459	8689	9183	9671	10006	10248	10418	10649	10809	10811	11008	11030	11237	11439	11750	11788	11838
120	0.99881539075	134	819	1391	2379	2461	3175	3991	4272	4307	5557	5952	6163	6364	6428	7044	7176	7666	7803	7823	8315	8551	8575	8930	9185	9807	10359	10496	10841	10848	10878	10993	11192	11383	11413	12234	12529
121	0.996640550239	41	121	133	223	460	905	925	1152	1219	1349	1355	1359	1361	1560	1589	1593	1708	2321	2843	3352	3389	4057	4168	4677	4790	4839	4881	5781	5864	6128	7091	7445	7571	7585	7828	8070	8369	8595	8630	9037	9161	10612	10776	10803	11360	11953
122	0.999173654306	175	760	930	3245	3269	3335	3374	3472	3863	4089	4343	4358	4552	4686	4701	4766	4859	5151	5228	5242	5575	5690	5741	6032	6063	6180	6334	6421	6845	7190	7719	7733	8813	8881	9066	9488	9517	9676	9751	9798	9872	9895	9908	10190	10201	10522	10562	10582	10714	10911	10926	11292	11453	11602	12025	12070	12546
123	0.993284389952	415	890	6869	6940	8803	9085
124	0.997373504785	1087	1497	1642	1705	2928	4478	6681	6745	7460	7739	8433	9846	10090	11144
125	0.99849312201	32	1335	1760	1853	2750	3192	4151	4678	5216	5390	5396	6175	8309	9236	9539	9722	10429	10517	11590	11743	11832	12202	12410	12583
126	0.998709330144	98	1402	1562	1698	1900	3002	3216	3726	3773	3818	4461	4488	4627	4970	5307	5950	6144	6372	6391	6542	6551	6891	7072	7264	7339	7749	7789	7790	8873	9004	9852	10070	10115	10433	10759	10822	10824	11094	11874	12415
127	0.994494019139	326	828	1316	1712	2186	2962	3041	3169	3264	3741	3847	4464	5382	6412	11760	12209	12443	12500
128	0.999425069777	42	283	327	467	610	638	697	704	982	1118	1431	1473	1523	1750	1791	1802	1804	1846	1980	2277	2283	2483	2567	2610	2677	2729	2788	2935	2966	2982	3642	3753	3820	3850	4088	4111	4436	4452	4454	4485	4869	5158	5186	5283	5330	5411	5480	5587	5606	5887	5912	5965	5989	6351	6410	6924	7321	7707	7842	8015	8339	8394	8883	9028	9091	9119	9173	9259	9269	9282	9357	9419	9465	9591	9758	9763	9782	10167	10358	10401	10533	10557	10571	10575	10596	10676	10701	11025	11187	11428	11451	11693	11787	11795	11991	12143
129	0.997968002392	18	392	1012	1733	2176	2458	2811	3077	4630	4640	5246	5296	5600	5651	5703	5917	7089	7965	8044	8343	8759	9460	10058	10528	11613	12133
130	0.993424641148	684	1046	2066	2571	3230	3874	4206	4982	5321	5889	8195	8389	8775	9003	10363
131	0.997322567783	143	555	646	761	1874	2392	2603	3589	4414	5025	5252	6174	6486	7472	7725	9046	10667	10808	11176	12381
132	0.994426933812	394	406	1807	1978	2110	2121	2161	2222	2486	2889	3279	3943	4781	5331	5691	5743	7436	7564	9299	10060	10787	11735	12537
133	0.993706638756	1480	4578	4860	5664	5729	6316	6719	8274	8927	9462	12086	12435
134	0.997317783094	111	1027	1401	1442	1898	2304	2862	4793	5272	5537	5863	5996	6800	6897	7011	7292	7415	7515	8212	8231	8461	9178	10877	11114	11650	12498
135	0.998793759968	222	372	740	1059	1380	1636	1941	2071	2381	2406	2558	2710	2736	3434	3603	3825	4410	4646	5223	5380	6434	6659	6829	7211	7334	7335	7342	7387	7475	7608	8300	8497	9115	9361	9917	10177	10800	10844	10934	10941	11645	11725	11794	11821	11935	11990	12126	12278	12281	12322	12425	12440
136	0.99707027512	117	246	350	401	476	648	826	1367	1376	1963	2769	3700	3953	4051	4054	4377	4444	4518	4953	5602	5955	6792	7210	7724	7817	8042	8899	9266	9272	9406	11038	11170
137	0.997972488038	142	1951	2451	2932	3256	4117	4252	4669	5093	5104	5314	5424	5483	6026	6113	6637	6927	7111	7265	7272	8464	9563	10071	12535
