1	0.995719541076	85	226	436	532	588	594	695	783	1000	1334	1460	1565	1967	1970	2064	2104	2365	2466	2574	2685	2949	2963	3848	4241	4259	4358	4441	4447	4590	4606	4980	4981	5082	5620	5707	5844	5876	5946	6154	6267	6485	6657	6676	6718	7089	7097	7360	7470	7779	7787	8130	8225	8261	8483	8522	8556	8879	8943	9004	9169	9356	9482	9613	9634	9845	9914	10082	10216	10335	10913	10949	10997	11435	11757	11834	11927	11988	12050	12184	12504	12506	12595	12641	13155	13393	13439	13487	13491	13529	13569	13757	13771	13855	14067	14136	14203	14350	14451
2	0.952146322397	442	1128	1444	2455	2544	3656	4026	4141	4643	6294	6432	6624	6919	6989	7242	7986	8240	8952	9145	9340	9603	10687	10885	11421	11574	11596	12061	12553	12713	12846	13086	13587	14259	14644
3	0.988820269928	46	1176	1236	1344	1680	1915	1974	2059	2086	2112	2300	2626	2796	2995	3056	3164	3197	3314	3328	3707	4250	4336	4572	5498	5774	6052	6135	6152	6299	6384	6742	6912	7733	7882	8024	8031	8196	8221	8354	8658	9003	9056	9160	10032	10532	10753	10939	11077	11202	11677	11826	12376	12674	12703	12838	12847	12868	12996	13291	13395	13617	13801	13805	14369	14422	14513	14665
4	0.983149472329	204	595	918	1364	1466	2084	3615	3738	5315	6014	6191	8262	9881	9974	10427	10951	12741
5	0.954434046858	44	197	461	1032	1621	1625	1714	2198	2389	3392	3698	5019	5282	5840	5856	7264	7337	7571	7725	8981	9426	10178	10310	10888	11050	11670	11879	12041	12756	13070	13154	13456	13528	14600
6	0.997641919389	134	292	423	486	585	908	969	1143	1251	1995	2285	2317	2538	3017	3213	3218	3352	3505	3895	4410	4473	4550	4612	5004	5008	5067	5237	5259	6007	6196	6210	6431	6559	6640	6808	6816	7122	7267	7340	7342	7415	8021	8138	8597	8696	9032	9045	9110	9198	9321	9496	9777	9844	10550	10654	10675	11021	11044	11215	11248	11471	11483	11730	12328	12510	12887	12972	13372	13934	14055	14131	14595
7	0.984241142253	74	218	393	408	431	525	562	808	847	921	1663	1715	2229	2653	2968	3579	4475	4633	4713	5220	5227	5509	5718	6186	7061	7262	8175	8229	8704	8752	9134	9779	10024	11105	11121	11192	11348	11903	12125	12521	12750	12794	12840	13259	13276	13338	14097	14433	14491
8	0.961966293427	598	742	1888	2012	2182	2273	2636	2657	2756	2808	3269	3315	4418	5789	6160	6188	6223	6533	7745	9228	9529	10061	10268	10412	11082	11133	11322	11369	11740	11882	13420	13565	13839	14068	14104	14161	14675
9	0.978728301106	237	837	2255	2340	2760	3812	4437	5003	6168	6510	6732	6745	7737	7874	8030	8148	9843	11648	12150	12466	12827	13980	14290
10	0.980507897823	127	2810	8330	8442	9071	12016	13938
11	0.944027774584	881	2598	4252	4462	5430	5537	6514	6661	6968	7008	7137	7190	7834	8399	9624	9665	10560	10824	10938	11268	11799
12	0.988568045433	901	2233	2765	3032	7697	10562	11064	13096	14649
13	0.994774791346	241	300	492	650	1245	1279	1944	2045	3419	3763	4063	5464	5618	6006	6462	6470	6821	6843	6856	7027	7162	7178	7347	7423	7445	8108	8395	8553	8670	9013	9385	10002	10569	10820	11079	11436	11634	11938	12177	12316	13127	13451	13634	13933	14205	14254
14	0.944204814568	161	305	1091	1232	1336	1845	1949	2369	3237	3443	3530	4592	6511	6765	7144	8066	8913	9738	10141	11181	11531	11915	13440	13828	14080	14408	14496	14527
15	0.981603476421	577	1122	1262	1493	1579	1825	1878	1978	2511	2711	2950	3512	4121	4233	4464	4506	4604	4626	4902	5051	5053	5289	5651	6040	6671	7265	7430	7508	7599	7710	7885	8043	8104	8292	8769	9077	9164	9185	9847	10212	10258	10860	11113	11165	11195	11205	11430	11584	11707	12078	12148	12398	12408	12598	12707	12719	12923	13949	14143	14164	14407	14461
16	0.972075966247	110	152	370	417	503	676	743	999	1217	1320	1362	1859	2038	2467	2481	2671	2898	3040	3155	3159	3179	3235	3298	3396	3448	3515	3577	3588	3868	4043	4068	4123	4335	4414	4439	4466	4471	4748	4805	4883	5000	5292	5597	5743	5963	6082	6103	6112	6387	6428	6581	6795	8011	8840	9188	9232	9446	9522	9804	10255	10283	10522	10706	10747	10836	10877	11237	11675	11710	11778	12122	12203	12715	12731	13746	14322	14325	14587
17	0.974715471455	37	56	167	344	373	556	983	1014	1313	1419	1826	1965	2442	2611	2782	3292	3325	3565	3620	3964	4002	4083	4673	4786	4882	4940	5229	5245	5367	5396	5859	5923	6028	6033	6109	6229	6474	6483	6988	7143	7283	7317	7507	7894	7979	7994	8208	8332	8410	8709	8838	8961	9503	10107	10143	10208	10565	10867	10994	11060	11221	11321	11433	11509	11863	11900	11949	12003	12210	12231	12399	12697	12874	12933	13078	13411	13680	13728	13791	14005	14142	14218	14219	14297	14409	14471
18	0.995751960086	69	630	1876	1935	2093	2377	2680	3657	3793	3885	3994	3995	4051	4467	4476	4724	5163	5437	5653	5801	5979	6207	6369	6576	7558	7603	7821	7940	8359	9434	9671	9975	10008	10184	10318	10398	10740	10777	10778	10957	11210	11406	11551	11681	11867	11886	12121	12151	12292	12369	12575	13102	13215	13285	13486	14581
19	0.997064125262	76	129	185	358	649	931	1056	1445	1494	1594	2035	2670	2740	2802	2971	3192	3321	3348	3866	3887	4707	4854	5170	5267	6553	6667	6940	6998	7080	7309	7352	7700	8042	8147	8322	8400	8589	8665	9061	9262	9352	9362	9412	9436	9472	9756	9856	11285	11352	11735	11859	11878	12195	12288	12948	12952	12989	13094	13763	14346	14643
20	0.972561101786	43	641	727	1024	2074	2500	4173	5797	7472	7970	7997	8141	8258	8580	9096	9451	10407	10548	11306	12820	12844	14459	14480	14630
21	0.985493527694	180	1833	2509	2884	3943	4373	4869	5427	5800	6633	7149	9794	10218	11889	12233	12344	13525	13604	13896	14071	14331
22	0.987891384821	271	967	1119	1724	1756	4445	7111	9609	9882	10195	12749
23	0.992950129906	739	788	1500	1759	1841	2063	2397	2560	3236	3385	3421	3601	3694	4066	4516	4760	4931	5728	6924	7251	7583	7749	8200	8298	10288	10726	10874	12543	12645	12869	13269	13718	14490
24	0.979282643184	163	244	1155	2036	2252	3969	4913	7575	9299	10346	10579	11291	12431	12455	12816	13045	13935	14442
25	0.974812038719	1790	3508	3784	4161	4319	5642	6239	8363	9391	10231	10410	11247	11499	12424	13428
26	0.97196560366	1960	3157	3412	5005	5623	6029	7040	7273	7993	8674	9430	9501	9746	10349	10553	10731	10781	10821	10900	11515	11663	11824	11890	13354	14263
27	0.966716483112	896	955	1543	1643	2336	2911	3493	3843	4112	4314	6115	6566	6758	6945	7389	7674	8429	8537	11135	12751	14252
28	0.978634952751	1729	3113	5218	5371	5729	7690	7868	8656	9126	9707	10261	11887	12863	12917
29	0.98846159152	1114	1858	2339	3053	3766	3892	4167	4376	4566	4670	4737	5021	5556	5799	5891	6075	7197	7633	8757	9011	9377	9406	11145	11419	11553	11630	11954	12643	12739	13248	13688	13897	14585
30	0.994216770515	65	1135	1274	1820	1840	2024	2106	2127	2131	2156	2334	2445	2601	2721	2786	3101	3660	3791	4527	5133	5959	6219	7066	7069	7628	7676	8083	8465	9730	10053	10463	10494	10894	11314	11759	12081	12783	12960	13053	13144	13243	13815	14514
31	0.995816338261	1982	2471	3397	3474	3889	4305	4452	4641	5302	8760	10240	10719	11074	11114	11563	11692	11977	12497	12884	13196	13989	14366	14370
32	0.987993700136	1469	2506	3606	4166	4202	4623	4692	4825	7465	7788	7849	8419	8481	8546	9532	9726	10027	11041	13021	13090	13503	13690	13857	14130	14476
33	0.988241096268	3692	3708	4886	6250	6574	7629	7996	9237	10189	11409	12532	14298
34	0.959673970524	378	2613	3679	4300	4937	5504	8602	9203	13277
35	0.990803347665	456	483	5247	7015	7210	7443	8153	8617	11056	12545	14063
36	0.997907709287	450	466	553	574	631	651	1020	1239	1319	1781	1822	2048	2076	2152	2175	2190	2228	2297	2563	2569	2641	2834	2877	2933	3442	3447	3797	3922	4015	4060	4407	4545	5092	5255	5392	5531	5586	5759	5851	6064	6104	6306	6316	6488	6495	6774	6806	6936	6958	7056	7320	7621	7871	7887	8075	8203	8432	8806	8856	8877	9029	9091	9525	9572	9620	9783	9864	10139	10226	10284	10645	11225	11504	11979	12234	12275	12301	12425	12758	12807	12856	13023	13039	13116	13195	13321	13419	13445	13743	13834	14035	14452	14622	14632	14650
37	0.983896948934	160	868	4301	5306	7792	8900	8983	10312	10638	13494	14316	14533
38	0.99257604672	1363	2081	3062	3860	6686	7119	8360	8599	8929	9283	10447	10606	11138	11329	13101
39	0.99683581266	242	825	1213	2254	2434	2976	4226	4381	4396	4639	4657	6053	6870	9677	10025	10041	11123	11362	11804	13427	13825	14525
40	0.991105235325	2207	2912	6233	8532	8777	10133	11929	13986	13998	14388
41	0.99772250707	839	2907	4342	4923	7964	8942	9343	9538	12689
42	0.997890947969	274	5683	6256	6571	6652	10937	11231	13089
43	0.983749798818	3820	4700	5699
44	0.991544616375	947	2478	11626
45	0.97746533925	1735	10983	14319
46	0.974982181041	1797	2727	13394
47	0.959913089463	4085	5221	8033
48	0.967771825351	75	938	2929
49	0.960913250408	2974	7591	7654	10544
50	0.963614834571	2087	5869	10531
51	0.964380475019	981	5226	10343
52	0.96951923298	794	914	5731
53	0.947563975812	894	7148	14536	14553
54	0.976890534109	800	7973	11066
55	0.948633113375	8855	9265	13496
56	0.942756305612	6655	9966	13342	13574
57	0.979511185708	1666	6123	11572
58	0.994935966707	1801	10896	13955
59	0.977801945141	4383	8109	8851
60	0.983890741039	3979	8593	14286
61	0.980661255834	246	3764	4004	9796	10704
62	0.9698457223	11	12492	14128
63	0.963180281884	495	6846	9523	9859	11888	11992
64	0.990661255834	3294	6492	7032
65	0.982342215989	11607	13841	13952
66	0.983858322029	440	2072	11637
67	0.957448325018	5433	6183	10429
68	0.985088864875	1912	2235	3092	14601
69	0.995955441105	7248	7808	9616	9781	10422	13430
70	0.977694111696	1415	3757	3986	5947	6548	6920	10810
71	0.957275883476	2115	4204	8729	12765	14539
72	0.975943255236	3057	5563	11462	14410
73	0.976060515485	8846	10784	10871
74	0.974087784241	444	7394	8742	13391
75	0.992940243258	3041	3997	12444
76	0.977634791806	4211	4776	5023
77	0.987672499023	2341	6680	6838
78	0.964789736279	1524	7704	11530
79	0.969086979514	4602	9848	11586
80	0.977384406686	4013	5502	6911	7771	9334	10506	14275
81	0.979817901731	3556	9863	10711
82	0.990478467799	2151	8309	14358
83	0.981748557239	968	12603	13175
84	0.966125583427	1999	10301	14111
85	0.993285356264	1513	4653	11158
86	0.986263536661	3893	11713	14579
87	0.98590002989	2166	3953	8132	8424
88	0.981010277516	6896	7326	7689	12867
89	0.973547467409	8802	13901	14354
90	0.989412089302	4794	9081	14330
91	0.946149955165	6656	9488	10196	13434	14304
92	0.976251350792	4485	11444	11923
93	0.96507713885	9893	12035	13256
94	0.957756420573	4145	4378	9789
95	0.985269353689	913	6155	6399
96	0.995045409606	394	5143	12104
97	0.97461200653	8217	9654	13552	14419
98	0.977539374152	297	4136	4214	4400
99	0.989264479342	1635	2923	3006	4556
100	0.986870300968	470	10220	13689
101	0.993765893362	2768	3699	5870	7214	7668	11320	12552	12909
102	0.983971673603	3655	11652	12962	14051
103	0.969310003909	2179	6018	6618
104	0.984960568367	1501	3520	4097	4960	5950	8911	8922
105	1.0	2236	5240	10332
106	0.975904168487	3409	3634	7045	7212	8252	9168	14543
107	0.961301818683	1475	9531	10679
108	1.0	3306	6189	12461
109	0.99346262617	4390	9238	9729
110	0.979952865978	485	4055	4260	7836	8274	11397	11858
111	0.975699537857	2748	5637	9578
112	0.982937024349	1342	1617	6902	7431
113	0.982268411009	2584	6927	11775	11807	14380
114	0.994717310832	1222	2484	3400
115	0.956346998368	1478	9500	9615	10688	12181	13549	13563
116	0.987566504955	6800	7766	8772	9008	10369
117	0.990782884602	4245	8982	12290	14375
118	0.959145149794	1333	3349	8358	10502
119	0.945552157818	3580	11140	12802
120	0.963743590923	1700	10391	10903	11610	13818
121	0.990432253466	467	1066	6496	7356	8245	10804	14061
122	0.972609385418	7483	7809	8782	9137	9494	11860	14027	14276
123	0.965272572598	5331	5503	9080	10011
124	0.992715379486	5715	6139	6193	6208	8822
125	0.97343250638	670	1203	1994	8179	8482	8523	9196
126	0.977166670499	2058	2885	10109
127	0.979259191134	144	6606	7351
128	0.985099441289	1347	3251	4958	6429	12650	14565
129	0.968923734854	7121	9146	14066
130	0.969103074058	1529	3466	11416
131	0.994199296439	2055	5843	8550	12345
132	0.963973512979	6192	7253	10929	11969	13079
133	0.972705952682	994	1379	5622	7636	12392
134	0.981333777849	3186	4360	7561	12265	12529
135	0.993114064332	1206	12394	14217	14455
136	0.967836203527	9497	10602	12375
137	0.984317706298	396	2134	7442
138	0.96939737429	502	12688	13649
139	0.997781597039	3742	11787	12782
140	1.0	803	6918	12879
141	1.0	8173	10122	11589
142	0.982784126181	321	3716	5929	7129	7186	14258
143	0.982187018601	673	693	10148	10337	10478	13566
144	0.988586439197	302	5555	8243	13345	14078
145	0.982246798335	5858	6446	6502	8633	11560	12429	12502
146	0.976285839101	3274	3941	4656	5167
147	0.993017956913	479	860	1988	6721	12351	12761
148	0.996428390776	6760	9581	10279	14616
149	0.994094911825	2480	5009	9149	10669	12116	13596
150	0.994528774745	1659	2039	2132	2141	2272	3787	5026	5239	5847	6143	9702	13862
151	0.952626859495	5332	10840	12381
152	0.9953935116	7	6578	9902	11111	13893
153	0.953279838135	248	287	1132	2211	2374	3272	3881	5750	6049	6201	8061	8841	9258	10067	11035	12283	12881	13171	13204	14106
154	0.959671671303	103	1341	1685	2532	3589	4570	5295	5359	6315	7024	7511	7659	8152	8734	9213	10072	10111	10716	11766	12523	13135
155	0.961872025383	1750	2231	3066	5616	8303	9175	9390	9865	10198	10243	10811	10839	11351	11449	11702	12034	12835	13019	13421	13903	14159	14264	14300	14493
156	0.947911158117	412	1146	1174	1417	1778	2185	2576	2849	2944	3001	4315	4756	5887	5935	6174	6482	6505	6827	7004	7090	7890	8004	8264	8329	8603	9405	9476	9569	9814	10063	10103	10156	10430	10660	10947	11884	12613	12662	13178	13346	13607	14085	14465
157	0.946092474651	339	717	753	1184	2766	2830	3110	3134	3481	3500	3602	3768	3937	4133	4395	4433	4722	4798	4806	4918	5139	5538	5592	5828	5916	6044	6136	6166	6334	7276	7581	7597	7609	7721	7768	8281	8815	9143	9698	9807	9917	9941	10022	10028	10488	10629	10986	11413	13100	13457	13761	14132
158	0.971742579266	104	750	769	873	965	1284	1380	1403	1416	1811	1864	1951	2595	2726	2823	3432	4225	4862	5166	5311	5388	5656	6199	6225	6364	6509	6894	8137	8843	9348	10535	10639	11057	11290	12587	12813	13272	14247	14402	14518	14658
159	0.949516014071	374	885	1720	2004	2189	2798	3545	3653	6303	6873	7648	8280	8551	9840	11092	12519
160	0.988303175224	1345	1758	3013	3162	3202	3401	3546	3802	4377	5475	6038	7584	7698	7702	8810	9002	9223	9393	10507	10832	10845	11319	11403	11505	11782	12020	12111	12223	12828	12922	13042	13360	14224	14287	14329	14453	14497
161	0.973409514175	380	514	520	720	785	802	864	1392	1607	1716	1828	1861	2383	2392	2531	2589	2842	2973	3208	3482	3593	3718	4106	4219	4257	4708	4742	4843	4865	4898	4917	4933	5011	5215	5246	5339	5568	5571	5687	5826	6221	6296	6494	6552	6880	6954	7084	7413	7437	7502	7554	7660	7803	7845	8667	8908	9053	9102	9345	10154	10192	10274	10793	11646	12349	12710	13347	13390	13703	14043
162	0.96100292001	207	1282	1768	1865	2214	2379	2947	2962	3188	3281	3282	3592	3752	3897	4766	5131	5248	5361	5369	5524	5806	5850	6110	6370	6828	6978	7371	7641	7896	8156	8315	8560	8631	9087	9128	9469	9646	10186	10411	10426	11587	12889	13367	13766
163	0.987860345343	504	623	2645	3004	3301	3575	3780	3829	3883	4520	4961	5449	5829	5893	6165	6204	6217	6226	6300	6550	6590	6653	6779	7392	7686	7862	7889	7904	8029	8052	8114	8643	8657	8673	8756	8788	8835	9165	9332	9547	9597	9599	9640	9643	9708	9775	9829	9908	9999	10095	10106	10128	10521	10608	10623	10657	10727	10963	11296	11341	11344	11350	11387	11411	11412	11545	11781	11993	12161	12196	12333	12347	12361	12462	12733	12833	12834	13057	13163	13164	13182	13280	13424	13682	13847	13892	13951	13953	14150	14160	14195	14310	14352	14448	14463	14521	14550	14615
164	0.943418481135	3	158	294	541	768	935	1030	1077	1082	1092	1150	1369	1596	1622	2196	2430	2453	2533	2649	2939	2961	3232	3329	3626	3671	3741	4227	4416	4505	4694	4710	4746	4783	4853	5251	5491	5727	5792	6032	6206	6252	6274	6976	7469	7675	8260	8679	8739	8978	9635	9935	9952	10543	10613	10644	10691	10814	10842	11276	11640	12330	12958	13113	13317	13662	14555
165	0.968160393627	459	1138	1652	1851	2347	2539	2984	3317	3383	3413	3583	3703	3831	3949	4255	4552	4655	4936	5755	6127	6426	6910	7016	7396	7426	7480	7520	7579	8213	8294	8459	8576	8638	8650	8820	8874	9054	9066	9139	9449	9852	10271	10609	10797	10852	10978	11010	11071	11185	11669	11687	11689	11716	12046	12074	12136	12138	12152	12190	12294	12355	12380	12410	12414	12576	12693	12787	12791	12896	12974	12976	13080	13083	13133	13236	13299	13490	13550	13614	13654	13659	13835	13860	13882	13914	14016	14028	14034	14185	14253	14255	14274	14386	14412
166	0.974474053296	94	224	318	326	429	684	962	988	1045	1171	1519	1671	1692	1799	2020	2067	2071	2223	2237	2822	2833	2905	2985	3238	3336	3645	3733	4165	4379	4855	5073	5115	5151	5268	5446	5453	5530	5535	5575	5677	5865	5896	5967	6017	6025	6030	6142	6438	6560	6807	6942	6991	7096	7310	7324	7462	7777	8348	9220	9226	9442	9537	10351	10690	11440	12513	12664	12855	13405	13632	13653	13737	13752	14103	14242	14505
167	0.972676062815	4	14	333	454	666	763	1199	1637	1755	2203	2366	2373	2585	3636	3683	3940	4288	4659	4892	5047	5384	5460	5564	5725	5802	5810	5886	6091	6158	6241	6259	6326	6403	6453	6527	6561	6630	6658	6722	6852	6860	7494	7535	7596	7606	8035	8468	8629	8688	8854	9007	9078	9366	9526	9611	10384	10425	10536	10942	10964	11081	11117	11218	11336	11498	11562	11567	11625	11803	12007	12027	12054	12073	12421	12451	12471	12588	12726	12904	12935	12968	13008	13043	13048	13108	13117	13267	13382	13462	13739	13773	14025	14091	14181	14401	14454	14469	14477	14577
168	0.952544087554	238	1746	3814	12637
169	0.950083921551	1338	1743	4901	8591	11661	14018	14221
170	0.96899041225	88	281	299	515	1481	1754	1918	2319	2322	2429	2556	2667	2724	2965	3494	3641	3851	4183	4266	4725	4974	4991	5034	5076	5341	5734	6240	6698	6802	6950	7011	7047	7174	7435	7759	7866	8352	8449	8527	8793	8804	9280	9285	9765	9803	10070	10219	10786	11251	11724	12120	12170	12245	12609	12744	13111	13124	13137	13570	13645	14107	14139	14340	14413	14542	14619	14620	14626
171	0.978735198768	47	115	137	202	293	493	764	1003	1426	1440	2078	2193	2250	2741	2902	2927	3073	3152	3377	3438	3550	3572	3697	3956	3960	4053	4077	4175	4221	4509	4603	4715	4851	4963	5130	5188	5398	5561	5615	5737	5815	5841	5867	6016	6289	6500	6882	6883	6929	6975	7127	7440	7839	7908	8149	8370	8379	8719	8776	9447	9593	9801	9990	10009	10146	10442	10798	11327	11401	11526	11786	11853	12168	12299	12314	12437	12480	12644	13375	13383	13480	13568	13594	13765	13930	13957	14013	14115	14347	14371
172	0.976124893661	2819	4501	6280	6797	7619	12819	13762	14540
173	0.9706619456	583	1149	1265	1434	2027	3021	3503	3904	4409	4698	5016	5587	5595	6862	7237	7290	7541	7709	7833	7941	8181	8637	9021	10319	10588	10668	11150	11318	12093	12548	13031	13103	13977	14053	14146	14436
174	0.950477088267	2668	4831	10295	11311	14210
175	0.957648357207	550	587	665	1301	1541	1887	2630	3176	4081	4368	4429	4652	5641	6853	9618	11865	12280	12746	13289	13412	14198
176	0.948476766376	3015	5010	14285
177	0.970107833444	3127	6677	8570
178	0.968489182167	29	993	1314	2411	2507	3559	3704	3970	4216	5095	6523	7617	10089	10285	11282	11414	12145	12464	13922	14668
179	0.967203917872	3368	6602	7657	9994	11777	13142	14584
180	0.973076127193	78	517	1190	1650	1658	1902	2124	2410	2587	2730	2936	2958	2997	3346	3387	3422	4406	4539	4731	4841	4908	5312	5480	5624	5630	5636	5976	5981	6124	6302	6786	7021	7605	8160	8228	8563	8571	8681	8890	8905	9786	9817	9872	10455	10604	10692	11277	11539	11813	11837	12090	12824	13044	13156	13481	13518	14171	14212	14220	14283	14520	14647
181	0.96780631366	49	126	170	276	639	1221	1934	2014	2637	2654	2972	3103	3161	4696	4736	4747	5576	5930	6209	6279	7125	7551	7914	8521	8691	9027	9951	10237	10249	11516	11930	12255	12403	12428	12966	13207	13644	13725	13760	13976	14036	14289	14450	14511	14517	14603	14606
182	0.972715149564	130	178	194	638	692	932	1039	1611	1620	2118	2247	2593	2807	2901	3141	3661	4044	4353	4375	4591	5045	5178	5450	5474	6254	6298	6481	7068	7128	7307	7420	7557	7696	7800	7816	7848	8053	8102	8273	9417	9985	10280	11227	11236	11660	11723	11974	12178	12287	12346	12362	12571	12862	13203	13546	13863	14387
183	0.954877796427	700	1721	4434	5043	5327	5700	6074	6467	6498	6737	6738	6921	6990	7348	7526	7931	8577	8974	9063	9101	9217	9465	9580	9625	10554	10717	10806	10813	10870	11020	11226	11255	11443	12336	12342	12470	12490	12602	13230	13501	13780	14202	14567	14636	14663
184	0.987276113398	98	351	425	443	471	729	777	1004	1088	1406	1424	1472	1558	1775	1854	1863	2173	2592	3037	3200	3587	3644	3833	3951	4497	4577	4750	4769	4999	5069	5319	5421	5549	5692	5761	5944	6010	6101	6537	6673	6684	6723	6848	6901	6933	7220	7528	7649	7712	8301	8323	8396	8495	8669	9017	9540	9605	9712	9920	9995	10232	10571	10762	10948	11027	11389	11422	11525	11644	11765	11788	11902	12943	13123	13129	13489	13588	13631	13731	14060
185	0.977612489366	219	220	296	722	1179	1204	1473	1531	1677	1788	2208	3304	3578	4340	4757	5487	5560	5639	5694	5970	6425	6817	7110	7386	7482	7746	7784	8124	8134	8193	8327	8414	8660	8837	8928	8975	9088	9166	9202	9277	9309	9384	9481	9490	9758	9880	9936	10278	10316	10446	10473	10647	10651	10955	11018	11559	12098	12149	12823	12877	13050	13071	13159	13250	13431	13526	13535	13559	13816	14073	14109	14175	14216	14277	14364	14597
186	0.97102752167	2169	2452	2889	3296	4163	4450	4611	4819	5661	5908	6580	7764	8188	8627	8712	9163	9256	9369	10137	10173	10584	10677	10728	10769	11017	11203	11263	11429	11520	11524	11654	11895	11921	12064	12119	12310	12448	12469	12479	12604	12757	13041	13358	13675	13749	13764	13902	14003	14157	14602
187	0.963950520773	851	865	1170	2304	2450	3132	3351	3651	3678	4212	4661	5432	6092	6130	6140	6598	6752	6793	6980	7297	7504	7593	7625	7944	8113	8265	8749	8951	8962	9448	9475	9515	9735	9769	9833	10244	10336	10751	10849	11126	11297	11494	11602	11685	11899	12250	12509	13110	13356	13397	13536	13697	13722	13925	14015	14174
188	0.956625204056	7403	9462	9776
189	0.956779251834	2978	4048	7028
190	0.969231830409	716	836	1211	1340	1461	1928	2246	2355	2610	2663	2913	3067	3517	3519	3888	3988	4188	4571	5085	5210	5352	5425	5566	5783	5824	6405	6782	6822	6850	6887	7000	7073	7224	7280	7720	8103	8533	9466	9491	9706	9802	9813	10519	10956	11784	11808	12228	12352	12360	12417	12540	12702	13030	13206	13699	13768	13777	13858	13929	13931	13981	13985	14029	14033	14065	14168	14169	14201	14222	14382	14456	14570
191	0.94657761019	421	615	617	1515	1842	1955	2381	2888	2964	3138	3582	3613	3835	4179	4184	4350	4388	4664	4874	5096	5617	5961	6198	6390	6551	6961	7313	7331	7537	8120	8335	8436	8519	8950	9098	9186	9191	9222	9305	9562	10077	10108	10322	10481	10559	11727	11823	11953	12391	12568	12612	12939	14084
192	0.943816246293	275	675	710	1047	1292	1311	2385	2437	2571	2612	4186	4332	4451	4523	4595	5207	6291	6367	6805	6931	7030	7505	7942	8411	8557	8744	9116	9303	9330	9659	10887	11199	11478	12232	13261	13264	13374	13466	13495	13510	13623	13710
193	0.962927367622	565	799	953	1049	2008	3193	4151	4430	4891	5443	5709	6163	6231	6604	6814	7308	7329	7345	7559	7658	7661	7662	7863	7985	8007	8192	8202	8428	8479	8973	9399	9871	9904	9924	10104	10853	11022	11459	11481	12329	12348	12522	12605	12684	13024	13062	13104	13184	13306	13521	13548	13593	13817	13939	13970	13984	14054	14279	14446
194	0.980787942887	1765	2763	6276
