1	0.998791856856	275	657	954	2123	2509	6958	7850	7878	8830	666	2110	2209	2473	2477	2697	2961	3398	4146	4264	4678	4854	6298	6476	8884	9427	9768	9769	9794	8286	1754	4334	8953	3863	6742	940	1132	2205	4307	5436	5553	6796	6852	9373	9487	9628	9740	9754	5149	118	571	596	6116	211	1450	1839	532	1952	2415	7770	7957	8230	10222	1383	1669	1928	3208	3843	4710	2972	1164	1984	2833	3041	5472	8652	6843	8218	8174	9937	9776	7057
2	0.99452145335	3929	4399	7104	7826	9250	328	1001	1822	1934	2964	3092	3699	4292	4515	5485	6150	6459	8104	9529	10439	8947	4440	1186	2233	2423	3778	6469	6664	8657	9214	10133	10327	2011	3675	1601	8623	610	1128	9676	2689	8998	6700	1737	8686	9736	6551
3	0.997776483476	4190	9613	3594	1702	4086	5020	6007	7620	8480	8695	9588	4990	1701	656	1462	1739	2147	2773	4610	4675	4870	9030	9531	4542	5280	8058	457	908	8411	8339	2111	10008	8844	9828	7352	9572	8303	6381
4	0.996774694176	3	3064	4179	4203	7290	1579	1868	3117	4755	5952	7122	8475	8859	9196	6082	7386	2045	783	1616	2292	2908	3446	4682	5720	6431	6686	7992	9364	9474	9721	6436	645	696	4275	8598
5	0.993605623517	1451	4561	2249	2978	4484	5961	9482	10069	174	421	2040	3371	3447	3716	4083	4622	4707	5565	5966	5996	6656	7169	7176	7503	7507	8594	8772	9379	9875	10442	7137
6	0.996503450794	2748	5528	6182	7498	8065	8353	850	894	2291	2430	4341	5147	6527	6925	7280	7982	9903	9979	2326	8077	6218
7	0.997279276976	2406	3663	250	291	991	1390	1635	1654	2645	2827	2958	4252	4336	4367	4748	4757	5181	6088	6588	6669	6890	7270	7403	8384	8583	8612	8673	9039	10090	10357	7824	5319	606	10058	5561	821	6202	6213	9460	7937	38	7189	400	1366	3344	4216	9022	9228	3968	1629	4673	4772	5012	7266	7449	7976	8086	8089	9349	10164	968	1243	2568	7124	4352	7105	9132	6140	5781	680	879	1415	3390	5435	8782	9398	8560
8	0.996209238634	2483	2700	6531	682	941	722	3457	5175	7711	8296	6031	10009	483	1859	2222	2266	2526	3274	3437	3525	3898	4277	4461	4924	5022	5184	5193	5302	5482	6905	7542	7716	8012	9493	3464	556	924	2043	9035	9259	7808	9719	4050	4603	4981	8920	2878	5909	6335	8097	345	970	3235	6107	10321	5477	9407
9	0.998832389995	1759	2453	4606	8100	332	333	385	1903	2213	2779	3052	3352	3811	4145	4220	5386	7162	9213	9341	10328	2660	8636	2462	3225	4212	5267	6241	6281	6422	7399	7559	8596	8890	868	4522	6118	6764	10188
10	0.999236041629	2058	3729	5205	8985	4658	8753	8572	725	6812	7968	271	9365	2617	2796	5033	8662	2649	7414	2002	3819	4877	5417	5798	5817	6945	7522	8402	8901	9433	9683	1273	2312	9633	6877	7112
11	0.996123425233	1264	1678	2726	2862	3002	7209	9235	9762	9874	9926	4310	1176	2584	3725	4685	6117	6158	8962	9274	9468	8323
12	0.997918422494	28	1402	1898	2294	5142	6086	6468	9396	10143	6979	9688	2983	4030	5162	5990	6373	8783	10120	1480	3374	5414	8869	5959	5876
13	0.998816213255	835	1174	2304	3688	5999	7128	10207	304	485	5152	7921	6136	3592	4563	9404	151	776	1094	1816	2200	2985	3529	3545	3945	4045	4895	5765	5937	6139	7603	8466	9907	9320	7857	5552	8927	9534	10075	2847	4476
14	0.997185758627	5549	9443	467	2743	6872	8216	10185	513	1109	3321	4634	6489	6992	7447	7667	7703	9878	10162	554	639	7767	2474	7242	8812	828	7483	8399	8488	8668	7369	3206	1677	5056	5750	7275	10187	10406
15	0.994221289027	171	394	5581	5882	121	7001	2180	2793	3738	5427	5799	6438	8739	9091	9466
16	0.999925309476	325	1217	2498	9267	9311	10412	461	630	1989	2252	2611	2746	3250	3330	4381	6243	6270	6322	6665	6687	7064	7396	7613	9053	9183	9603	9674	9712	9856	10214	10287	144	296	774	809	1348	1355	1872	2694	2718	2800	4444	4520	4791	4999	5058	5455	5519	5643	5749	5829	6199	6206	6389	6539	6540	6753	6837	6857	7543	7693	7725	7980	8096	8493	8839	8965	9355	9548	9885	10237	10323	10426	99	337	942	1973	2138	2901	3368	3773	4621	4911	5023	5125	5800	6798	8250	8603	9820	10462
17	0.998555596129	2844	4724	4811	5594	6355	7688	9102	9883	329	1388	3741	5810	6471	6743	7178	7450	7596	8418	10454	2877	7974	9045	10252	7524	7825	706	2959
18	0.99615628994	4836	5481	7882	4706	9052	102	5740	6749	7612	117	1945	2965	4661	5556	10341	5457	7816	3061	5713	1993	3130	5721	6774	8696	8745	3541	4008	4396	7715	3123	1670	4900	5958	8328	2941
19	0.997551834946	8006	1386	10376	155	1182	2674	3780	4271	4829	9310	2587	5947	2920	6141	5240	1152	849	999	5065	6605	7416	6844	4167	5805	6494	2999	2523	2865	8123	10206	7876	10114	2603
20	0.996844659485	4432	758	2795	8930	9246	9263	9927	10235	462	4135	9918	9141	3116
21	0.999454847544	219	2018	2662	3211	3515	3974	4055	4576	5390	5515	6066	6869	7192	7404	7574	8547	8675	8692	9595	9757
22	0.998758225306	330	1073	1079	1191	1254	1303	1463	1870	2087	2162	2373	2416	2656	2771	3000	3020	3149	3253	3319	3715	3874	4069	4390	4424	4766	4770	4802	4886	4958	5453	5509	5804	5821	5841	5877	6004	6073	6178	6233	6867	7282	7321	7462	7500	7644	7733	7745	7823	8146	8504	8508	8862	8970	9038	9078	9180	9775	10062	10191	10221	10298	10451	2404	3951	9501
23	0.994606901588	266	2712	4625	4951	6331	4459	6480	3710	4589
24	0.993969326274	516	4938	8639	6683
25	0.999250757714	598	1165	2051	2831	3054	3115	3646	4224	4645	5428	5683	6222	8408	8610
26	0.998090597042	5621	1645	4400	9178	546	1492	1896	3168	3966	4020	5138	6404	7219	7846	8238	1473	7130	8141	9540	621	3069	3103	3823	3921	5283	8663
27	0.995694723389	167	8991	1897	2850	2680	1056	8126	5511	1685	2028	2124	7916	6557	3114	10320	3708	4097	4592
28	0.998271316414	763	10113	1482	4431	5921	7672	8454	8519	10469	3597	5770	6901
29	0.998885338689	4119	4929	8511	9317	9465	2563	3178	3508	3579	5411	6351	7909	8589	573	1030	1423	2548	2751	3256	3479	4016	5088	6232	8882	9319	9803	2954	6823	7726	6750	1221	4511	1349	4455	1403	9920	5948	2946
30	0.999720441848	1429	1584	2353	2465	2682	3001	3983	4613	6912	7174	7297	7367	7803	8453	8763	10100	10281	10336	6418	1534	2067	2103	2313	2667	3209	6273	6674	9940	2993
31	0.999673145883	2397	45	424	637	750	1035	1096	1336	1532	1668	1752	2116	2301	2599	2890	3031	3053	3345	3430	3490	3758	3908	3927	3960	4074	4125	4186	4379	4500	4543	4762	4915	4948	5037	5350	5525	7328	7635	7669	8157	8300	8349	8381	8593	8654	8986	9123	9186	9386	9484	9711	10094	10225	1006	4079	9766	612	9530	2690	3900
32	0.997705714807	10096	7943	3806	2467	5113	6142	8426	10132	1286	1356	3555	9001	9318	5658	3569	6261
33	0.996822238452	6962	254	2528	2774	7016	7101	10204	5136	6174	7924	9616	10373
34	0.999783936462	17	1495	86	2295	2988	8370	146	5667	158	4624	3135	213	283	6533	9557	357	5255	364	5887	388	6242	2407	9161	723	2395	802	4267	6432	936	10274	1054	8109	1058	2740	8200	1098	7017	1100	9111	1123	1150	8355	8390	1324	6180	1376	1563	3789	4209	4582	9877	1740	6255	1744	1811	5431	1972	2736	2976	3193	4873	4994	7402	2841	5801	2875	5084	9098	5813	3207	3535	7304	9553	8293	6788	8554	3861	4111	8221	4194	5200	8324	5250	10165	5459	8740	5596	6108	6336	6766	8937	7136	8903	10356	8154	8599	8215	10002	9296
35	0.995093299251	379	4730	5715	6369	7919	8115	9947	9995	5011	2576	2083	10119	4149	9994	5410
36	0.998979368267	262	423	1341	1977	3528	3573	4961	5915	7954	9524	7417	9761	5340	6996
37	0.997357969691	900	2167	2464	2559	4058	7006	7678	2802
38	0.996579185686	7479	8447	5986	4261	7453	9119
39	0.99888183312	653	2063	4483	5296	6038	10249	4798	10339	104	3800	5513	6394	8080	8988	561	425	1411	2119	3972	6042	7598	7996	9506	6567	8184	741	4775	10305	6903	7405	8033	3560	5143	6803	8172
40	0.999649727953	818	193	1508	1741	1782	1804	2949	3102	3731	4599	4813	6307	7360	7418	7579	8251	8338	9268	9467	9844	1930	8459	3156	5860
41	0.999386269856	4925	5221	6014	6763	6984	7796	9449	9731	348	5478	5560	9405	1038	9084	3392	4604	6907	7525	10400	6720
42	0.998841847727	5603	3681	8004	8678	419	2693	8412	8939	3063	4373	5029	5897	8120	10352	5906	6851
43	0.999546247946	4917	169	972	1424	1487	2911	3161	3619	4641	8389	8674	4223	5696	3849	4570	7408	8195
44	0.999544129998	142	579	1468	2756	3496	4182	4202	5140	5974	6226	7261	7933	7940	8011	8149	8275	9127	9258	9385	9447	9591	9694	10309
45	0.998564323535	194	583	2283	5955	8823	5265	6932	9729
46	0.995343071024	4665	5014	8586	9150	9323	9987	303	5751
47	0.997592441117	3476	3598	3709	7299	8779	1455	1550	6530	9477	10317	1818
48	0.998778784006	231	1052	2240	3795	4150	6101	8264	9216
49	0.997758590469	4254	3458	4009	4219	10046
50	0.996495891912	604	4410	4850	5608	6604
51	0.999266459741	8727	3121	6357	6486	7157	7959
52	0.997146101881	5188	8143	5165	6522	10306	7455
53	0.999934146431	1068	1392	3543	4844	5441	10331	15	119	162	1606	3185	3292	3402	4237	4321	4595	7252	7821	8232	8307	8712	9561	9839	32	2327	2482	6401	6406	6435	6731	8094	2256	772	3169	3667	4170	4263	4754	6609	6795	8088	8551	9391	9894	10230	536	1581	4510	5315	9155	9582	9593	9962	257	4629	8331	260	1037	1248	3160	3930	5692	6460	8606	9635	10089	308	816	9313	3761	1953	4312	8269	2998	3096	7534	1205	1982	4743	8683	10275	891	1469	2631	5827	2030	6448	6465	3066	7780	3677
54	0.99793233522	5895	2365	1720	8749	9009	2424	2825	6824	9330	9478	1465	4565	9177	2592
55	0.999599890451	1307	5914	61	2375	2876	3890	4070	5158	5232	5259	5527	5894	7437	7494	7576	7727	8604	9217	9316	9600	10263	2930	7141	4963
56	0.9983271499	6661	2527	5742	7789	8899	10429
57	0.999937473069	51	416	509	1439	1801	2055	2336	2924	3184	3416	3917	4633	4703	5068	5273	5761	5787	6056	6099	6279	6935	7018	7021	7224	7686	7969	8040	8757	8765	8868	9514	9546	9714	10437	10468
58	0.998053971152	91	600	2543	4989	5896	7798	7801	2991	4681	8798	8641
59	0.998619499726	2759	3658	9459	4887	5145	7363
60	0.998970494796	280	314	3375	6006	8523
61	0.997107613657	472	3748	5329	7560	9010
62	0.999471389447	729	1703	6755	2355	6254	7146	8244
63	0.999569800986	798	3325	4739	7502	8018	10172	6434
64	0.997763520175	9374	847	1951	5516	7344	7452	7465	9471
65	0.999015482929	1080	2106	5192	7757	8420
66	1.0	5399	5404	9678	9929
67	0.998946357495	85	1369	1404	1483	1862	4387	4733	5710	6607	8017	8984	9206	9867	5153	8201	5008	6495
68	0.999971881687	503	619	1140	1329	1391	2241	2267	2345	2554	2635	3296	4131	4300	4628	5131	5244	5444	6395	6416	6446	6965	7140	7298	7397	8736	8886	9086	9735	9749	10180	10377	10394	10447
69	0.99995930619	580	1673	1967	2075	2157	2742	3379	4472	4585	5063	5313	5562	5901	6329	7027	9072	9664	10161	797	2506	3768	5564	7985	8075	9795	898	2934	10463
70	0.998945444586	78	1692	2253	3887	5451	8564	9908
71	0.999624794596	310	522	1245	2136	3083	3106	3568	4930	5198	7862	7899	7997	8359
72	0.999058864342	562	795	2411	2815	3029	5722	7880	7936
73	1.0	1895	2008	2109	7874	8894
74	1.0	2000	5461	6013	6789	9899
75	1.0	1371	6074	6185	6312	7054	7563	8352	10088
76	1.0	1502	3931	4031	6481	6900	7013	8759	8836	9090	9954
77	0.995133102063	29	53	95	285	321	371	376	608	625	679	808	864	946	963	1047	1198	1249	1295	1368	1414	1484	1510	1578	1671	1742	1805	1929	2092	2302	2338	2356	2439	2651	2670	2846	2918	2973	3068	3145	3173	3194	3229	3236	3537	3691	3704	3769	4648	4790	4875	4879	5046	5166	5285	5311	5392	5447	5514	5599	5670	5731	6023	6145	6237	6260	6408	6453	6548	6594	6694	6697	6822	6947	7076	7159	7885	7949	8144	8169	8268	8379	8573	8995	9070	9076	9199	9244	9390	9697	9715	9738	9744	9796	9841	9850	9967	10423	1639	2174
78	0.996055504838	178	717	1190	1613	1962	2164	2420	2637	2906	3035	3059	3077	3134	3238	3740	3946	4065	4382	4389	4528	4974	5062	5095	5111	5600	5759	6967	7063	7175	7907	8035	8079	8127	8212	8363	8486	8796	8981	9099	9494	9503	9811	10063	10408	814	2099	2571	3703	5571	7331	742	1770	5439	6033	6215	2425	2956	4101	5573
79	0.994105897389	354	356	360	501	521	801	1051	1396	1785	1932	2232	2684	3034	3151	3215	3222	3813	3905	3915	4160	4428	4676	4780	4890	5055	5177	5182	5191	5314	5342	5541	6506	6574	6626	6751	6772	6884	7029	7133	7279	7426	7485	8395	8457	9387	9422	9829	9858	10037	10276	10313	10372	1926	7351	373	459	1257	2618	6782	7088	7811	9380	3735	4920	5598	6834	9957	228	1435	4541	6627	9445
80	0.995756436005	138	290	1111	1284	1536	1979	2228	2390	3214	3687	3868	3896	4039	4364	4683	4692	5321	6040	6356	6972	7020	7622	7923	7965	8009	8374	8496	8637	8846	9077	9434	9693	9863	4332	7599	677	7349	1297	2569	578	1418	2079	3454	3489	3499	3862	4161	4311	4347	5194	5785	6057	6079	7265	7501	7765	9220	9634	9876	10393	3637	1446	4183	8866
81	0.993664779989	466	1102	1609	1807	1927	3341	3783	3815	3988	4041	4155	4293	4355	4415	4545	4934	4987	5160	5507	5732	6461	6736	6801	7025	7038	7445	7457	7572	7586	7732	7753	8014	8435	8658	8661	8870	9146	9157	9247	9413	9455	9464	9640	9733	9773	9783	10006	10175	10348	2363	5627	9743	9984	10059	2758	316	344	7180	8209	8536	10389	6971	1359	6841	7684
82	0.996940003652	181	209	223	238	273	309	414	530	543	699	705	1113	1144	1223	1288	1636	1652	1695	2128	2591	3113	3126	3470	3747	3834	3975	4147	4436	4508	4583	4612	4690	4776	4784	4847	5071	5292	5325	5362	5416	5497	5544	6002	6797	6920	6989	7220	7433	8784	8842	8895	9164	9298	9505	9699	9713	9814	9891	10243	8267	8485	2633	2883	3807	6388	6842	7860	9574	9617	10144	3023	7329	1848	2105	3143	5884	5992	6513	8332	9048	1093	6175	926	1628	1947	3088	3237	4003	4098	4485	5099	5101	5631	6041	6466	6505	6610	8631	9264	10344
83	0.994350922038	4800	1557	2096	4002	4412	4425	7302	8707	9488
84	0.995368997626	1181	3909	7365	8150	8848	7155	8526	622	675	819	950	1777	1826	2093	2189	3481	3601	3628	4114	5522	6400	7278	7506	8857	9140	10427	2279	66	1619	2622	6623	8070	8477	6234	7822	1873	3279	5633	9232	1409	2017	4330	5258	7084	7926	8443	2019
85	0.994960014607	4169	853	7682	8642	441	631	1133	3602	3941	4193	4210	4333	4842	5119	5555	5702	6015	6110	6603	6855	7100	7439	8204	8629	9041	9110	4443	6549	558	3550	5458	5531	6095	7226	7746	9577	1005	4704	7239	3311	7161	6628	8795	6090
86	0.995961292678	286	747	1115	1166	2234	2996	4199	5616	7858	8165	9018	9300	9423	9946	10111	10152	10368	10384	498	1075	1184	1481	1825	2033	2702	2818	3700	4631	4923	5381	5697	5767	5939	6037	7049	7459	7897	7978	9469	9745	10102	10284	6423	4089
87	0.997693700931	4533	2525	6071	5864	6449	8872	10386	10464	156	1216	1503	3139	3271	3506	3902	4192	4217	4221	4268	4501	4577	4732	4995	5723	6208	6219	6425	6584	6732	6906	7069	7143	7203	7253	7631	7817	9118	9225	9552	9900	9943	9970	840	4026	4596	7991	8222	9622	9924	3418	5843	55	1575	4015	4688	4932	5450	5743	5938	6320	9668	1222	7642	8605	3883	210	1991	5971	93	192	435	1125	1623	1808	2290	2903	3865	4240	4316	4578	5380	5912	6440	6701	6986	8147	8155	8280	8576	9023	9026	9109	9418	1394	4549	8847	7460	3743	9182
88	0.994620047471	9787	3668	5109	9526	559	2165	3171	6010	8647	2142	1649	2812	3532	5293	5339	5728	8358	8878	9798	227	4362	5112	7866	9886	5758	7123	245	1029	5172	5796	7557	8317	9897	5539	861	4019	6652
89	0.994622603615	739	989	1043	1277	1321	1761	1957	2064	3351	3353	3486	3488	3910	4164	4338	4642	4778	5189	5257	5363	6163	6291	6417	6715	6784	7009	7152	7372	7412	7614	7663	8114	8186	8213	8246	8263	8566	9033	9454	9742	9834	10157	5053	2778	7609	7806	9691	10103	6301	9791	5705	8190	3736	6706	6635
90	0.993607449334	80	204	315	427	429	875	896	911	1292	2077	2307	2351	2380	2449	2470	2574	2653	2851	3013	3040	3359	3401	3459	3478	4090	4123	4846	5161	5529	5542	6295	6577	7095	7392	7546	7594	8167	8747	8885	8936	8992	9406	10223	6497	8043	2791	5949	9329	4910	3289
91	0.993938652547	215	1003	1160	1714	2378	2455	2572	2843	2907	3202	3347	4977	5536	5680	6122	6220	6239	7041	7197	7300	7537	7625	7655	7966	9059	9200	9521	9755	9889	9972	10136	10266	408	445	2532	2754	5260	5281	7558	8217	8531	10390
92	0.997236297243	96	129	140	246	351	529	1025	1207	1219	1378	1526	1710	1771	1949	2024	2080	2432	2669	2829	2963	3067	3081	3082	3181	3216	3502	3523	3935	4062	4094	4421	4505	4722	4809	4918	5353	5794	5872	5941	6016	6341	6587	6640	6873	6915	7194	7250	7343	7420	7677	7832	7887	8049	8053	8066	8139	8482	8490	8518	8649	8659	8666	8741	8892	9218	9816	9832	9842	10197	2884	4689	5438	6302	6608	7223	7336	7962	8916	2272	3131	6113	389	8799	7427	4959	5629	8440	4594	320	4331
93	0.99669611101	674	1323	1457	1551	1553	1576	1717	1745	1925	2076	2149	2152	2285	2612	2733	2784	3056	3132	3370	3504	3634	3635	3685	3728	3913	4073	4166	4250	4265	4302	4322	4460	4514	4783	5204	5305	5495	6161	6616	6780	6836	6871	6934	7008	7070	7207	7208	7213	7442	7570	7829	7944	7977	8755	8835	9029	9335	9511	9758	9772	9969	10024	8706	6053	443	4035	5264	7389	9149	10201	21	3564	3845	5044	5076	10461	2270	3624	4274	652	2020	3270	6342
94	0.996415994157	382	1283	1326	1499	1535	2034	2431	2542	2889	3261	3361	3563	3581	3986	4226	4359	4534	4609	5045	5409	5744	6200	6543	7474	7569	7587	7632	7671	7760	7802	7833	8054	8072	8151	8177	8237	8371	9002	9297	9435	9539	9576	9978	10154	10262	3364	7249	125	237	3712	5420	8116	1471	4499	4716	8442	8038	2821	6923	7345	3832	6968	8960	10085	9416	2448	5032	10084	3924	6688	6488
95	0.993504838415	84	413	1626	1727	2300	2325	2426	2530	2577	3057	3320	3762	4028	4124	4198	4608	4926	5268	5693	6447	6865	6930	7229	7901	8314	8754	9042	9305	9612	9763	9986	10397	2223	9231	65	437	2334	3298	4914	5574	6516	1674	251	2913
96	0.993877670257	185	377	450	714	1145	1189	1310	1880	2560	2703	3466	3690	4679	4781	4792	4978	5326	5452	5637	6152	6591	6951	7320	7382	7499	8032	8119	8613	9057	9083	9275	9290	9845	9873	10019	188	1009	9647	1127	3977	7031	9191	9941	648	10233	2499	1877
97	0.996213620595	460	1287	1544	2466	3737	5563	6808	10030	10229	187	1624	1655	1817	3495	6398	8178	8401	8483	9194	9570	9666	9849	6188	2211	3376	3920	4579	5836	8831
98	0.994216176739	921	7491	947	7556	4178	4340	5968	6000	8578	8768	10286	8556	829	3702	5963	2357	8376
99	0.99607924046	1314	1974	2155	2377	3015	3065	3391	3445	3884	3888	3985	4623	5660	5760	5784	5862	6311	6393	6568	6721	6807	7469	7471	8688	9005	9080	9436	9728	10010	10248	10304	10337	7353	6504	1300	1879	2556	4134	5861	8253	8436	4163	4512	8164	8224	2405	1538	10239
100	0.994545554135	1905	2199	3218	6346	547	1076	2516	3324	1436	2705	4243	5847	6103	6217	6473	3493	9012	10016	5645	7513
101	0.999268869819	633	786	952	1247	1476	1604	1784	1792	1964	2169	2236	2306	2444	2553	2623	2663	2734	3006	3017	3039	3157	3243	3306	3322	3354	3404	3585	3698	3718	3857	4071	4154	4200	4394	4438	4546	4656	4968	4997	5043	5169	5806	5859	5942	5995	6183	6573	6606	6816	6904	7135	7553	7683	7699	7759	7889	7998	8179	8298	8392	8428	8533	8680	8698	8766	9176	9489	9502	9681	9702	9823	9831	9909	4637	1040	2004	5398	1726	2917	3288	1234	7521	235	359	10034	3098	7837	568	638	4590	5359	7456	8760	1002
102	0.994633193354	609	7309	1078	1524	1983	5543	6806	8656	499	2813	48	141	1963	2510	3336	4287	4823	5001	5337	5919	6155	6583	6892	8093	8220	9145	9288	9451	9631	9871	10021	10128	10156	10182	8552	10020	3248
103	0.996673507395	4674	8913	6642	8111	9807	10231	5395	448	1438	2806	9115	489	504	525	588	1367	1724	2090	2108	2129	2171	2392	2731	3696	5116	5129	5415	9131	10126	10174	9440	8528	406	7818	782	5186	8672	8061	2562	6366	10322
104	0.998635749498	31	1413	4465	7359	289	336	342	839	920	982	1024	1278	2026	2181	2184	2332	2735	3213	3711	3802	3971	4000	4329	4407	4659	5039	5042	5215	5401	5867	6011	7216	8319	8326	8404	8423	8952	9348	9356	9438	9952	23	3388	4747	8284	1864	2197	2787	3386	5389	5448	6885	10269	2082
105	0.994039072485	8929	1617	3524	6321	8259	2593	6094	6372	7200	1226	2805	4344	4779	8430	3421	4048	8340	9124	10169	161	397	834	3623	6424	6921	7060	7153	8173	8311	9717	10013
106	0.998851561074	9202	195	298	602	663	694	1042	1095	1211	1342	1583	1634	1802	1812	2069	2118	2383	2451	2632	2811	3101	3275	3518	3570	3614	3973	4052	4236	4246	4404	4478	4586	4907	5178	5369	5504	5848	5900	5930	5991	6001	6132	6160	6354	6462	6526	6685	6708	6825	6887	6969	6982	7325	7413	7615	7649	7734	7828	8048	8854	9160	9240	9252	9337	9397	9495	9974	10361	1522	8050	1276	2790	4351	5047	6109	6961	6991	7347	8266	8333	4828	1846	6306
107	0.997887748768	7	98	396	1660	1920	2044	2062	2309	2402	2836	3441	3621	3622	4663	4822	5133	5176	5201	5480	5510	5604	5830	6325	7033	7034	7075	7257	7720	8078	8211	8585	9082	9169	9170	9342	9558	9584	9643	10238	10307
108	0.998082380865	4731	242	269	312	2054	3255	3363	3578	4687	5179	5360	7078	7191	8503	9243	9473	9677	10033	10170
109	0.998802154464	97	862	1227	1263	1370	1704	3403	6671	3049	581	871	1427	1466	1767	2150	2583	2628	3301	3616	3641	4023	4068	4729	4962	5163	5253	5425	5943	6100	7010	7434	7493	7510	8069	8577	8702	8978	9192	9739	10125	10310	1250	4296	1647	2672	2940	7032	8124	8797	3786	3991	3204	8811
110	0.998675625342	4022	253	1335	1637	1978	2214	2916	4516	4774	5820	6147	6508	7486	7883	8876	10072	10095
111	0.99926247946	943	1488	1757	1799	2446	3825	4956	5526	6247	7496	7647	7835	8245	8521	9352	9523	9866	442	575	914	1448	1596	1705	1849	1900	2549	2801	4007	4393	4698	5141	5289	5533	5580	5780	5816	6477	6571	7260	7533	8057	8271	8487	8730	8744	8976	9517	9830	9922	10038	5083	6699	933	3223	3776	9372	10070	6286
112	0.999333540259	515	624	866	979	2282	2891	3801	3880	4801	5593	6703	7058	7071	8285	8318	8568	8591	9519	9838	10343	43	163	293	410	628	854	1328	1379	1768	2590	2817	3175	3333	3547	3639	3932	3948	4326	4417	4668	5256	5365	5468	5739	6193	6474	7094	7138	7217	7259	7316	7689	7915	8354	8360	8512	8921	8972	9359	9917	10227
113	0.995314588278	2904	4423	8891	1417	2244	8335	10166	130	793	1998	5341	6723	6777	7583	8764	9989	10068	8304	10458	422	481	541	545	1460	2227	2502	2885	3086	3366	5304	5405	5494	5530	5922	7120	1021	3603	7771
114	0.997976885156	2310	6284	9139	537	865	1161	1832	1995	2185	2724	3070	3419	3463	3818	4121	5298	5712	5735	6070	6455	6529	6727	6739	6966	7099	7228	7233	7395	7477	7709	7737	7782	7879	7888	8083	8135	8249	8864	9299	9610	9687	9938	4566	4370
115	0.999699959832	6681	684	704	749	897	992	1026	1034	1039	1256	2491	3259	3309	3473	3593	3595	3664	3836	3838	3922	3962	4392	4615	4653	4769	4998	5018	5523	5583	5776	5823	6324	6565	6702	6917	7046	7127	7244	7314	7366	7527	7564	7608	7665	7704	8383	8463	8546	8699	8734	8919	9203	9208	9555	9562	9658	9944	10026	10086	10106
116	0.998455614387	79	754	1201	1428	1598	1600	1788	2479	2910	3197	3551	3879	3938	4180	4523	6541	6647	7061	10456	2624	3465	4230	5508	5661	6830	6895	9586	7444	6228
117	0.998485959467	56	403	518	1074	1479	1580	1732	1994	2264	2654	3377	3394	3503	4507	5220	5241	5473	5615	6194	6380	6863	8471	9007	9103	9410
